82.316
64.413
64.413
88.989
88.989
81.653
81.653
87.382
88.989
81.702
74.656
85.246
86.800
81.702
61.890
77.637
29.665
81.702
84.556
28.909
77.637
29.665
83.820
82.080
78.393
77.637
29.665
83.820
28.657
58.961
84.770
27.952
32.601
70.414
34.935
31.609
67.265
81.218
70.343
51.820
51.064
79.277
79.277
71.413
67.167
79.277
46.859
71.413
71.413
74.991
71.413
80.732
53.912
53.859
56.629
56.629
71.413
80.732
58.729
78.724
78.724
62.894
75.077
44.981
58.729
77.710
54.457
77.573
85.321
53.279
88.866
54.457
28.994
87.743
71.329
88.687
79.217
57.634
54.457
54.457
55.613
75.466
72.079
81.454
76.879
75.366
85.187
55.613
74.158
62.779
81.459
87.744
77.575
50.977
87.286
75.427
75.366
74.171
84.542
85.187
74.158
86.272
62.779
50.544
87.744
77.575
82.568
66.205
63.689
37.273
65.685
56.931
82.904
85.187
40.346
86.272
62.779
38.860
77.575
68.954
70.628
83.882
73.935
57.374
57.073
40.346
63.060
61.943
29.842
44.159
67.141
17.146
86.689
86.532
82.364
57.073
3.769
53.497
86.066
86.186
17.146
89.796
77.130
86.532
79.226
60.431
77.826
76.864
67.693
82.305
81.304
82.990
83.197
77.855
89.116
57.826
89.897
71.622
56.485
63.983
75.389
76.168
79.226
79.226
88.364
89.625
81.098
60.923
77.418
89.652
86.268
80.662
67.693
67.693
83.173
83.557
66.663
76.162
83.108
83.877
66.206
80.816
83.518
79.573
76.779
75.166
85.279
58.558
84.728
84.728
83.024
83.024
83.024
54.567
56.370
74.949
77.418
22.802
61.950
58.190
76.355
79.445
81.396
66.711
78.775
81.468
62.121
79.318
74.030
70.402
58.190
58.190
62.463
83.908
83.677
78.095
79.571
88.444
78.048
76.578
76.578
84.655
63.085
63.439
63.703
84.728
42.112
52.183
66.131
37.235
74.030
60.849
80.696
71.973
52.606
72.247
44.548
63.853
76.299
69.544
58.479
7.632
61.122
52.183
75.154
60.849
79.797
86.808
25.622
20.490
75.609
63.853
66.221
89.565
89.565
72.864
78.246
68.899
69.544
84.755
54.987
58.006
51.832
42.870
73.893
87.860
87.711
52.967
81.256
89.368
78.246
78.246
69.495
62.554
24.857
51.061
50.271
81.463
61.208
55.417
66.569
78.531
78.531
75.154
56.408
81.638
50.969
89.854
76.277
76.607
80.157
43.457
6.962
11.551
81.960
86.015
82.276
43.365
76.789
71.278
75.283
16.975
72.868
71.956
89.829
51.631
57.334
49.108
76.217
48.546
55.285
81.088
69.133
65.625
84.264
78.938
67.601
65.344
70.851
29.537
53.742
58.137
70.520
71.956
89.829
45.256
85.690
67.124
48.546
47.155
75.033
69.133
72.504
30.312
67.601
65.344
65.344
37.882
76.463
42.936
41.946
8.821
66.287
73.117
69.563
83.910
10.357
87.587
67.175
58.887
55.156
69.357
66.105
49.313
28.297
28.965
58.528
64.835
72.409
86.983
60.117
84.221
72.504
81.311
37.882
57.278
59.002
51.689
49.181
64.992
81.422
66.545
77.267
73.215
47.104
69.357
52.653
52.653
80.876
25.169
24.873
50.709
34.719
77.514
72.409
74.398
86.983
69.133
52.976
49.500
37.882
40.205
81.157
16.550
68.945
67.964
48.378
75.836
78.872
65.224
73.142
80.724
85.490
26.125
18.216
82.743
78.027
69.357
35.920
80.876
6.533
28.297
18.096
78.806
49.839
73.867
76.378
60.257
76.294
24.445
52.976
59.963
40.205
52.174
68.945
45.821
63.684
78.198
84.974
85.561
85.561
25.922
56.843
61.119
78.027
69.357
70.458
80.876
46.255
6.533
28.297
82.705
65.684
76.043
73.623
84.368
84.368
68.060
47.846
62.854
64.471
49.763
66.382
74.768
51.156
64.691
66.031
59.110
60.221
72.706
84.974
88.029
58.442
56.843
61.119
70.097
74.428
27.089
28.899
65.901
28.297
73.749
82.705
77.080
65.589
66.138
82.325
72.523
58.051
83.040
47.310
36.035
81.258
66.300
77.711
80.920
86.147
85.370
65.842
77.035
64.304
19.459
49.531
49.248
84.974
89.634
76.478
76.478
25.773
64.485
71.252
61.062
85.223
74.528
77.727
45.371
78.151
76.485
44.290
85.051
35.697
50.284
46.113
69.122
66.199
82.325
85.288
85.688
68.060
88.123
88.123
42.573
73.654
77.711
63.894
36.888
65.249
80.920
67.980
66.814
65.615
32.248
78.024
69.643
74.163
74.199
33.416
76.887
38.289
68.986
44.470
72.167
44.085
24.005
70.097
46.619
75.777
81.269
89.181
84.159
77.727
64.664
75.566
47.299
54.038
65.368
79.187
84.361
89.208
89.208
83.088
48.159
36.888
75.424
51.946
65.615
87.584
35.719
78.024
19.459
45.529
74.163
62.689
62.689
51.175
56.854
59.470
12.988
72.167
70.097
63.980
40.563
40.127
48.592
85.161
78.783
89.181
79.431
77.727
77.727
60.751
54.841
72.453
80.368
85.527
33.591
72.882
67.980
74.084
66.814
82.398
72.793
44.131
28.361
37.386
69.414
51.175
62.822
53.965
72.167
70.097
45.014
40.127
86.645
18.515
89.181
87.094
72.733
89.382
69.092
89.220
73.789
73.127
87.768
87.768
29.986
71.452
54.349
36.626
34.821
74.187
66.814
82.646
50.216
80.682
41.339
32.020
54.257
47.839
51.682
61.247
72.853
89.450
70.868
51.859
49.599
89.475
50.450
89.400
45.525
7.769
38.021
31.540
89.834
77.556
86.074
73.693
43.662
78.933
79.728
29.986
85.503
28.457
68.709
68.709
66.814
46.889
88.278
89.216
87.541
54.551
56.372
50.384
69.419
29.661
57.536
74.359
41.687
51.682
57.011
33.611
87.158
80.729
56.554
85.324
46.043
51.859
78.258
34.527
60.297
89.475
89.582
87.933
87.956
4.710
42.182
47.147
30.155
82.341
54.076
54.076
67.601
51.198
22.609
77.939
78.630
77.719
46.889
47.142
83.466
88.067
59.238
52.496
74.375
77.213
89.012
66.497
85.305
63.344
68.979
33.611
78.208
52.231
50.632
46.982
45.986
21.351
36.910
69.468
67.822
60.257
63.003
57.988
83.937
89.582
70.131
61.353
4.710
42.182
74.081
53.089
13.769
38.770
81.316
79.010
83.467
63.506
44.564
58.173
82.556
75.459
65.793
66.432
82.681
36.061
48.260
48.989
57.219
88.564
63.344
87.460
52.231
50.632
39.468
89.125
10.809
46.015
38.849
67.795
86.661
86.661
51.826
80.101
61.353
31.107
82.656
83.739
85.535
83.939
89.463
36.499
62.290
66.423
44.564
39.351
78.777
20.474
56.690
74.409
70.953
89.450
40.249
65.793
79.841
55.983
47.739
52.686
38.794
63.616
57.219
78.721
81.828
88.316
80.289
87.460
52.231
70.485
18.252
38.506
67.325
85.547
87.933
42.782
79.416
65.890
87.977
80.376
77.887
54.292
82.161
89.753
89.753
56.753
79.903
53.554
73.387
84.091
81.535
89.277
73.697
62.754
84.445
33.841
40.679
37.433
89.007
57.672
79.944
42.937
48.361
40.702
46.561
61.717
24.047
81.828
48.674
66.479
45.578
89.504
42.941
51.451
51.451
26.593
87.041
64.955
80.306
73.390
42.182
42.182
69.436
77.962
76.538
58.610
79.106
48.680
31.033
85.680
14.605
40.465
72.877
72.869
84.091
77.822
40.065
42.930
46.549
84.683
79.979
84.445
66.406
66.406
48.303
82.994
72.718
82.447
85.817
73.176
45.578
85.964
87.899
87.846
66.882
89.698
69.436
81.540
44.744
22.526
34.462
67.935
31.033
47.853
35.373
79.075
65.029
11.882
36.057
14.580
46.863
24.649
71.649
78.105
78.940
78.940
27.222
63.637
78.038
46.069
6.155
89.144
81.445
82.941
21.819
17.697
68.485
60.244
77.299
69.564
73.912
73.671
69.186
84.833
31.033
49.522
89.430
35.967
83.299
29.172
28.408
64.187
62.923
46.863
57.043
24.671
70.473
54.688
17.785
50.276
68.118
85.221
78.038
83.872
86.198
68.458
85.894
88.813
82.941
36.240
24.324
85.317
43.578
39.135
60.217
47.989
69.318
47.971
73.168
30.515
89.192
47.440
86.927
88.825
31.033
53.843
53.843
24.753
40.225
29.184
89.988
57.043
74.654
83.056
62.492
70.449
47.255
47.436
85.221
36.499
30.872
86.198
66.686
55.747
68.458
61.815
82.941
47.048
80.359
21.819
66.402
73.168
44.761
55.876
84.525
42.734
75.326
73.083
78.271
28.028
26.429
26.339
81.866
56.066
80.014
37.975
37.350
60.502
24.209
78.268
78.558
81.318
62.079
39.577
85.997
40.161
54.021
71.256
72.891
89.082
76.168
76.168
21.819
87.223
77.471
43.578
44.769
66.402
74.634
35.102
81.098
47.983
43.248
42.734
49.063
19.895
81.866
69.909
19.442
43.774
17.316
48.782
79.184
70.350
50.337
70.218
68.731
66.429
70.232
62.079
77.145
83.268
30.872
55.363
57.415
54.021
89.621
87.741
83.585
39.659
36.602
49.550
76.168
22.530
87.223
87.166
30.692
57.132
67.080
38.944
88.457
80.313
48.592
53.504
53.504
49.063
73.083
58.121
70.756
55.874
69.932
21.650
84.471
3.695
45.237
55.635
71.993
72.979
52.845
52.800
87.561
56.200
70.232
49.993
47.690
49.364
82.477
24.464
86.633
84.630
76.012
57.415
52.308
32.770
49.550
76.168
20.881
67.841
39.993
53.272
32.915
34.882
74.695
53.504
55.577
38.457
72.612
78.948
72.142
23.395
50.265
56.040
69.932
29.933
21.650
55.399
47.550
40.179
65.418
54.997
82.289
81.991
72.979
72.979
52.845
83.052
82.046
46.730
47.974
68.575
63.954
84.630
86.427
86.427
71.902
62.018
55.261
49.550
78.241
14.206
82.299
64.578
86.443
57.369
56.085
65.479
78.948
39.938
83.375
29.933
27.216
65.418
75.263
65.898
72.979
24.033
80.644
68.271
68.271
82.046
56.490
46.752
33.367
84.630
86.875
76.012
88.468
9.689
15.390
71.902
71.584
78.241
62.193
58.167
16.573
25.629
52.257
84.443
84.744
59.750
79.987
51.865
65.832
46.275
19.294
57.679
77.068
83.685
64.990
79.160
74.070
74.070
53.914
72.979
61.013
88.861
73.808
57.776
88.039
14.908
83.842
86.346
88.468
36.320
15.390
31.791
55.388
77.148
77.148
62.755
60.754
72.803
75.236
53.391
64.955
80.332
51.569
72.818
26.207
79.987
16.170
55.928
74.421
21.618
79.683
85.140
58.963
64.196
64.990
69.354
33.544
82.399
67.812
61.298
85.792
62.661
86.060
82.176
62.804
32.248
29.350
67.757
55.388
42.833
77.148
67.806
62.193
72.803
79.050
68.150
89.098
81.500
59.018
59.881
53.209
50.819
23.220
76.950
33.721
67.559
68.208
73.387
56.635
84.740
82.331
65.418
38.426
45.775
86.564
89.134
73.910
72.968
73.521
73.743
57.297
85.226
85.226
79.790
73.873
20.766
42.872
23.220
36.270
35.870
56.865
73.387
24.661
72.691
48.274
50.546
50.546
57.342
45.182
50.337
42.363
66.325
88.558
79.790
89.004
40.781
86.860
72.559
56.873
56.873
68.286
68.329
20.766
78.456
55.463
86.317
36.334
82.539
61.540
48.265
80.162
79.593
75.171
47.961
88.729
62.944
62.944
48.766
56.897
34.566
56.920
48.943
89.978
51.509
79.790
89.004
84.242
80.689
80.689
58.445
68.666
68.286
87.917
89.445
83.993
54.226
82.783
40.672
85.802
22.768
69.016
51.455
53.630
44.869
67.288
72.117
60.355
27.246
34.466
47.710
82.984
63.418
37.471
35.886
85.010
84.740
79.790
83.304
68.839
89.200
13.473
8.241
57.956
19.822
29.034
48.636
68.331
36.366
88.386
65.019
59.856
63.948
81.713
24.861
61.772
69.016
71.197
53.630
85.474
66.433
86.699
84.692
77.848
42.024
82.794
52.590
45.814
53.551
76.796
76.796
87.851
64.999
85.285
69.252
4.381
59.337
79.116
65.730
72.389
54.619
58.042
52.208
44.544
70.288
77.848
59.853
61.680
21.760
21.461
27.246
33.595
47.888
44.538
88.813
56.510
63.049
14.075
81.461
81.483
5.366
24.491
62.090
57.582
28.696
76.812
82.764
56.327
41.066
40.093
69.558
50.278
42.156
61.094
62.738
62.208
81.713
56.666
70.315
81.626
89.693
65.330
83.564
22.616
59.196
56.838
31.506
85.277
71.919
85.905
34.628
37.114
77.491
83.392
5.847
70.957
71.328
45.034
39.559
56.611
54.933
69.471
69.558
53.020
71.564
81.713
38.802
81.479
68.564
68.564
82.976
74.906
85.884
68.821
68.821
49.654
42.993
87.636
78.490
48.632
77.906
81.731
61.672
86.336
85.353
71.740
75.826
21.546
46.506
54.181
83.931
84.360
84.201
53.637
74.297
74.297
84.705
88.845
59.164
85.385
59.393
54.877
59.631
69.927
78.303
48.980
69.271
51.611
44.026
47.441
87.769
26.231
56.121
63.979
61.883
61.883
80.522
73.878
75.100
72.330
42.720
43.258
89.770
83.504
40.433
49.698
63.703
85.047
85.458
88.590
70.138
62.865
82.547
68.697
39.215
66.361
89.913
68.788
85.772
76.985
44.637
32.065
55.305
60.280
88.080
86.376
59.664
83.852
63.979
84.681
85.834
69.976
79.862
74.697
71.407
58.327
67.844
63.827
89.956
63.703
77.231
77.231
83.671
85.385
85.385
63.184
84.052
79.823
56.150
24.534
70.175
42.630
86.008
17.301
74.027
45.177
84.746
54.684
59.664
65.372
85.834
68.071
76.059
24.068
66.495
63.597
37.662
32.347
25.656
56.791
49.240
61.243
51.228
60.381
76.050
21.057
68.675
52.953
13.534
46.515
82.122
39.635
47.405
50.425
82.627
25.388
79.177
83.927
72.032
74.192
17.301
84.746
71.642
58.740
71.829
42.521
39.595
70.000
59.664
85.834
85.834
42.981
38.977
64.472
51.100
34.714
63.597
51.250
31.813
28.126
58.942
89.607
66.323
21.057
68.675
21.445
81.406
81.406
38.992
63.882
64.130
59.572
74.850
33.644
51.211
43.980
70.453
47.667
75.198
71.642
71.642
72.591
84.273
68.715
59.664
59.664
47.449
37.663
37.663
33.298
79.822
44.461
56.919
14.895
74.891
41.811
29.855
20.794
78.275
63.000
63.000
52.658
49.184
76.029
79.972
36.187
60.770
72.978
74.212
37.531
63.387
82.363
83.016
81.290
81.290
49.892
51.245
37.663
37.663
52.340
52.340
46.567
85.461
76.130
53.982
36.129
25.450
35.483
83.352
83.352
54.948
83.993
84.946
88.852
68.121
68.742
84.751
62.297
39.391
71.247
70.057
88.855
87.739
63.261
88.712
77.567
33.298
44.239
47.635
57.475
42.984
71.944
41.987
82.940
63.421
81.903
78.204
78.700
60.267
82.127
39.066
48.037
54.794
15.432
72.108
80.209
65.694
32.681
80.308
83.593
43.584
65.182
65.182
65.182
65.182
87.739
87.688
59.656
80.441
45.450
40.829
89.209
36.129
64.485
75.245
23.707
41.585
41.984
68.653
83.780
39.066
51.446
86.357
42.577
28.688
31.063
30.019
72.251
47.129
80.308
47.936
31.155
85.516
83.771
24.965
88.995
65.295
64.962
80.681
65.372
57.827
68.592
37.455
37.455
54.022
43.034
43.732
76.809
71.701
86.357
88.519
88.806
37.378
73.903
51.502
36.404
36.404
75.006
65.979
33.125
36.629
88.746
12.647
51.745
51.745
63.477
18.827
89.437
68.684
83.372
46.855
76.518
68.636
37.849
46.318
41.019
73.618
47.918
25.816
74.167
33.125
86.316
40.942
67.170
67.390
63.944
64.722
69.432
49.183
69.142
34.944
61.730
52.593
86.406
31.978
31.978
59.218
58.928
84.395
70.769
70.769
52.430
23.645
37.927
82.676
58.287
89.797
88.129
86.847
74.208
35.363
81.103
79.099
65.016
29.588
62.391
69.418
30.609
49.178
55.679
64.826
63.094
85.250
86.232
36.831
59.293
78.144
40.543
46.449
84.470
81.069
74.296
79.205
82.412
62.637
77.946
61.355
11.963
30.010
82.582
81.947
68.956
64.404
85.073
89.831
75.829
75.829
75.930
23.623
55.826
49.696
81.361
53.496
81.069
64.294
62.637
82.743
62.044
73.580
42.259
36.946
34.076
32.176
66.641
69.765
1.641
48.328
39.822
69.351
59.381
44.426
28.622
74.041
81.361
52.643
54.173
59.980
38.045
28.407
81.627
52.115
79.820
18.970
82.553
79.920
75.457
81.105
67.395
56.288
72.554
62.860
61.131
55.131
32.567
1.641
56.185
76.596
38.251
44.368
70.842
74.719
51.583
45.784
88.532
30.021
52.115
47.277
74.691
34.753
43.644
89.979
53.187
50.960
75.953
77.259
66.037
55.615
76.111
66.518
67.277
36.946
72.414
58.958
57.131
79.457
69.030
38.867
73.661
33.699
85.047
75.659
52.287
43.806
53.612
71.484
66.301
60.825
60.569
60.569
50.192
43.644
53.910
47.674
48.298
56.103
57.130
75.953
43.763
49.175
50.226
75.640
61.568
65.992
57.456
67.277
58.958
71.312
48.977
58.006
85.600
33.994
58.075
88.714
54.191
64.060
59.954
57.130
42.951
70.029
70.871
72.168
60.830
59.008
64.075
83.225
27.795
83.702
63.173
57.494
48.581
60.990
81.312
32.025
34.423
30.557
68.179
64.100
73.680
76.979
73.360
70.538
64.532
54.590
64.075
27.795
27.795
55.798
86.342
70.545
64.030
30.909
52.498
55.168
64.100
88.972
28.415
87.016
73.374
86.193
83.167
70.626
21.872
55.798
87.631
27.052
58.800
89.982
60.896
49.513
80.883
75.304
68.714
72.011
44.571
63.619
79.074
64.302
55.139
47.258
18.970
60.446
66.247
83.757
77.644
89.710
39.739
72.011
20.728
79.564
57.539
72.204
59.208
84.931
89.725
47.143
35.791
78.357
61.258
14.774
58.974
28.103
27.152
61.513
54.502
52.388
82.666
76.666
78.632
65.331
65.037
89.356
82.469
82.503
26.390
88.664
43.848
30.808
48.730
56.343
85.319
63.163
61.922
41.977
52.460
82.094
19.170
61.668
89.476
78.713
78.713
45.685
45.685
51.345
69.489
29.213
50.058
55.085
72.626
50.878
77.846
54.357
56.462
79.116
51.102
89.804
55.331
50.087
88.647
70.244
69.469
87.857
80.520
82.693
55.710
19.406
69.236
57.879
80.239
40.838
59.714
87.027
72.035
70.750
64.387
86.205
29.835
49.723
58.315
54.752
63.884
68.918
84.568
66.703
69.531
54.280
39.912
45.054
82.184
87.203
66.060
74.741
36.809
55.331
63.581
76.318
59.476
38.605
47.806
49.758
76.413
38.768
62.779
87.413
79.206
64.687
87.893
50.877
74.943
80.993
81.893
29.329
75.420
70.473
65.578
56.006
38.896
44.886
46.555
28.690
39.441
85.459
87.389
58.298
43.337
50.877
84.656
76.993
64.674
64.674
75.182
77.524
78.590
64.866
80.890
68.055
76.054
87.024
69.495
48.300
64.470
67.788
62.093
74.313
12.164
80.684
65.428
84.653
71.768
47.492
35.418
40.006
68.691
60.408
45.430
45.430
41.063
41.063
43.256
49.671
57.250
61.095
54.746
85.228
82.839
65.105
69.916
72.358
89.723
70.365
67.068
78.440
82.622
71.909
3.892
59.074
48.300
67.788
87.801
78.280
80.885
15.705
84.261
70.346
65.700
66.710
68.750
45.430
86.091
35.139
38.106
55.322
73.587
24.583
82.622
38.759
88.797
84.760
73.517
73.517
40.206
42.929
61.322
74.221
42.706
84.278
81.538
40.126
87.689
48.016
58.898
66.710
64.858
64.858
88.862
73.221
59.342
68.286
70.464
70.264
16.117
27.044
51.233
44.561
61.636
67.917
87.019
48.867
24.969
85.235
85.514
55.927
61.052
55.691
60.916
58.898
6.446
67.623
16.411
88.468
51.120
51.120
85.375
46.509
16.117
89.045
67.108
75.631
52.526
38.171
85.905
72.869
40.803
57.094
85.348
25.535
70.910
81.962
88.784
55.067
82.593
82.593
75.526
75.180
51.828
65.765
45.173
46.022
18.391
52.774
74.680
45.892
89.370
43.290
65.112
29.448
78.734
82.694
74.084
58.976
80.579
57.524
86.811
88.896
40.226
75.180
74.139
48.263
60.913
60.913
73.789
63.369
67.501
84.156
80.955
55.857
34.784
76.511
85.736
80.972
86.651
82.428
59.904
74.421
85.905
66.178
60.798
80.652
19.491
58.976
77.510
43.919
55.322
83.920
55.067
66.379
72.115
70.690
19.566
74.048
59.575
83.194
81.064
64.423
71.127
86.651
86.651
51.620
88.121
85.905
61.136
38.399
38.399
50.590
66.539
72.315
70.574
39.922
74.137
15.599
46.787
80.035
51.254
60.913
56.648
81.536
79.949
61.474
52.439
79.894
72.755
54.748
31.234
46.280
23.646
28.139
86.651
86.651
49.922
47.794
38.399
56.969
62.299
74.477
47.917
75.917
23.878
34.794
48.519
69.534
75.150
74.928
61.840
86.015
61.729
85.349
32.728
38.528
43.414
59.738
64.377
89.487
71.539
59.441
31.234
31.234
25.581
83.152
30.132
59.384
47.973
75.764
83.629
87.711
81.930
81.924
69.137
80.008
80.730
67.436
32.453
54.142
78.735
44.950
34.379
14.431
31.234
35.114
21.184
32.553
63.427
33.023
60.859
70.661
75.764
47.764
50.595
53.268
86.996
50.707
72.596
76.385
68.461
63.764
23.636
74.481
19.243
47.470
80.229
86.446
22.341
76.083
48.085
85.730
36.677
48.668
78.610
80.867
71.995
71.995
77.901
63.865
81.331
75.572
68.461
88.693
50.917
62.187
28.426
34.977
39.495
72.386
78.610
51.228
58.070
73.022
74.546
53.226
58.741
84.673
68.461
38.110
18.955
75.173
60.999
62.187
65.849
25.737
55.956
70.300
64.052
66.483
57.226
41.295
55.847
33.840
39.495
57.547
57.658
73.549
67.625
22.085
52.437
71.778
77.223
89.013
50.533
53.563
55.752
44.279
73.252
55.654
47.763
74.513
76.219
60.999
60.999
56.976
43.323
70.751
31.358
25.270
54.386
40.776
48.359
54.153
77.425
41.998
38.752
57.478
67.625
86.681
59.012
56.301
85.234
76.816
55.328
87.750
51.110
60.521
76.219
70.751
66.758
58.027
46.073
75.766
25.795
42.570
74.810
45.456
89.959
74.357
61.445
76.982
81.706
80.848
47.355
75.588
83.841
89.934
25.243
89.083
28.503
53.350
77.843
83.213
67.036
14.192
80.471
47.389
60.332
63.106
59.336
46.073
66.430
81.747
86.826
57.896
61.566
80.262
45.456
56.709
73.262
44.869
54.482
44.167
89.781
51.011
27.270
72.209
77.471
80.934
79.750
88.427
62.388
24.994
58.315
76.048
56.374
59.336
65.741
66.756
40.815
41.317
74.918
69.878
80.277
42.760
66.254
69.639
70.990
31.584
49.961
75.428
76.977
56.475
37.078
72.161
73.440
61.170
8.255
80.181
43.854
33.710
47.139
66.010
53.851
79.517
31.284
59.408
49.673
81.727
83.477
82.160
12.941
25.060
78.853
79.309
86.476
65.483
56.557
28.757
76.425
19.806
21.101
62.377
48.942
82.160
48.954
45.971
36.498
31.125
27.911
24.325
7.818
71.266
45.057
47.929
48.889
13.589
54.952
21.561
70.774
71.080
71.080
52.213
28.611
30.584
83.565
16.981
61.495
7.818
88.090
22.383
45.540
85.033
81.793
79.104
60.015
72.113
58.798
23.464
65.173
73.132
42.581
16.981
77.281
88.779
68.701
57.280
80.226
73.364
84.717
53.513
78.097
78.781
85.023
88.090
22.972
49.572
25.281
73.010
69.104
86.091
83.430
18.251
86.144
76.214
35.846
54.622
42.581
79.642
80.754
68.701
83.636
25.485
81.626
14.277
74.045
36.146
88.327
87.525
77.203
11.612
7.818
70.820
57.405
61.210
69.485
86.258
65.716
83.020
61.158
83.200
27.895
88.025
82.379
42.581
66.219
40.704
86.912
80.754
76.648
81.972
88.093
83.636
74.605
75.633
39.322
88.332
77.971
85.534
69.054
70.089
72.747
82.475
67.011
77.617
87.445
57.645
48.326
60.108
83.200
72.373
45.996
31.634
86.768
69.432
83.160
51.447
30.781
89.217
40.341
15.265
87.502
63.244
89.747
44.881
89.221
47.605
48.456
41.264
80.871
60.827
82.281
88.418
81.265
53.330
77.971
73.747
60.562
86.808
58.103
15.710
42.261
78.029
35.701
88.406
22.415
74.855
82.831
88.429
54.664
59.545
62.150
76.327
82.363
73.011
70.179
70.179
77.971
83.444
62.328
67.103
80.247
85.987
81.275
65.300
79.387
49.373
37.046
86.808
58.103
19.125
23.609
65.521
65.962
85.643
50.157
22.415
82.769
85.451
85.307
64.398
62.708
53.773
55.364
76.445
73.611
88.795
60.322
80.291
61.220
68.801
76.352
86.933
79.387
28.464
42.267
82.639
79.254
35.573
61.352
58.288
57.615
85.643
80.850
85.178
85.178
51.373
54.841
71.141
84.617
72.039
26.031
61.220
70.808
74.776
74.776
12.913
3.857
86.753
70.332
69.927
55.914
80.624
31.489
82.057
54.287
45.526
21.407
61.352
60.392
71.502
20.551
71.433
81.414
48.940
48.940
86.865
87.756
55.916
59.508
26.861
42.122
42.122
84.363
87.523
87.253
72.606
82.983
72.239
55.914
31.489
85.650
77.090
72.455
64.284
62.493
60.392
79.369
70.522
71.801
41.109
61.702
59.090
87.677
51.494
57.383
86.152
88.373
57.059
27.770
80.974
78.582
46.226
81.595
81.595
72.959
81.199
81.199
66.714
44.109
42.122
25.282
57.065
74.877
63.321
73.174
70.161
59.786
61.250
55.914
46.600
31.489
83.535
60.089
12.844
68.194
84.599
84.011
42.469
60.391
82.219
54.122
80.821
81.950
46.543
84.745
41.996
81.199
44.109
75.265
66.847
57.357
57.357
85.351
83.162
79.903
56.379
76.156
72.740
79.217
51.605
73.084
78.022
57.197
85.285
86.094
76.023
50.897
60.332
55.112
72.786
43.211
74.730
62.856
27.095
86.398
59.906
49.933
36.841
36.841
48.630
29.647
51.454
53.058
67.701
44.110
74.006
73.102
65.387
80.565
73.127
58.434
83.199
52.433
77.418
79.447
9.449
77.691
81.278
70.304
76.472
76.472
54.966
58.158
51.701
59.468
70.063
45.516
89.496
86.499
51.822
88.031
28.691
75.758
19.212
53.266
30.355
58.641
49.561
47.142
83.993
78.121
74.914
79.362
83.709
83.709
48.109
77.418
79.447
58.320
88.408
9.449
81.680
62.443
68.120
70.018
82.450
30.996
73.339
73.339
54.630
38.140
57.888
67.313
67.313
66.043
30.357
88.465
83.993
67.842
67.842
41.283
41.283
49.232
86.091
77.091
78.347
78.347
70.871
57.950
41.773
58.158
73.339
39.342
55.219
85.820
55.161
67.313
74.005
78.365
55.546
84.649
86.682
29.656
77.923
17.703
60.327
80.041
51.936
88.252
31.162
61.968
60.780
9.439
75.004
88.932
85.740
88.425
79.934
59.432
58.886
62.725
64.651
67.096
61.290
77.784
60.156
44.417
51.532
82.037
44.664
63.759
20.618
80.462
86.743
51.044
49.016
57.957
73.411
82.858
60.699
60.699
52.586
71.763
52.397
59.414
89.425
36.632
67.557
59.649
21.772
82.028
48.980
80.066
59.955
87.437
76.229
77.325
38.909
66.182
86.605
52.752
24.438
16.519
71.849
73.579
3.278
35.553
51.680
89.599
38.917
57.077
30.883
51.152
60.373
62.155
85.693
56.119
57.544
72.997
66.182
55.886
14.654
15.238
48.656
47.112
70.759
62.615
23.559
84.081
82.050
52.314
67.637
73.475
60.206
70.451
39.036
65.519
66.381
51.336
51.336
36.005
39.455
39.455
57.477
84.409
81.892
61.697
34.103
15.238
35.865
32.020
60.882
49.484
21.928
66.702
76.852
67.365
32.124
70.403
52.580
57.362
81.837
60.206
79.627
87.630
63.199
30.444
89.883
78.900
52.767
74.422
84.982
20.766
19.455
17.130
39.490
84.119
15.238
48.507
58.889
58.889
32.020
42.089
21.928
69.112
69.112
82.026
47.479
41.900
89.873
66.745
85.442
71.802
86.171
56.679
44.347
72.424
66.381
85.581
79.835
68.309
85.552
22.580
62.052
56.683
56.683
67.416
21.928
82.026
69.768
86.685
64.222
67.294
25.432
86.171
67.208
64.051
23.706
50.195
79.485
86.016
17.305
87.425
84.376
81.889
66.886
83.894
83.221
29.086
43.190
21.853
27.349
41.176
58.889
56.683
56.683
54.741
65.196
65.196
67.854
67.515
82.026
89.918
73.899
80.967
64.489
26.588
35.496
72.029
60.508
17.487
23.706
55.785
76.441
70.146
79.893
42.465
66.886
57.224
89.780
85.752
77.563
48.181
64.287
58.667
25.240
47.663
47.663
54.741
78.032
89.918
89.918
63.844
81.616
81.486
39.021
72.029
17.487
54.757
72.129
5.295
45.829
66.886
89.780
66.757
57.790
46.390
74.344
56.730
26.993
56.244
57.694
47.663
77.421
39.765
67.043
62.311
63.844
57.766
23.017
56.104
56.104
69.902
75.802
50.530
17.487
65.988
45.829
18.363
62.755
84.840
83.112
87.168
17.314
89.437
37.844
74.344
8.000
8.322
83.600
16.392
80.488
56.104
89.279
65.976
82.186
72.620
72.620
60.907
87.142
51.565
28.786
37.924
82.733
44.302
66.670
86.792
8.950
8.322
84.041
59.543
64.104
54.328
73.847
72.620
56.054
53.432
68.983
48.245
73.261
82.798
76.394
55.889
74.900
45.423
66.670
74.920
74.344
35.593
10.556
89.955
47.130
35.097
56.448
54.328
68.763
42.557
71.789
81.680
27.775
89.069
66.454
50.468
73.248
76.230
45.794
76.601
35.593
17.898
62.423
60.251
60.251
47.130
77.676
41.974
45.425
64.845
71.728
11.046
59.211
85.923
53.239
72.692
69.705
69.705
60.251
47.130
86.823
39.116
45.425
68.131
16.128
82.692
79.153
84.712
55.915
86.055
86.055
65.444
57.086
67.005
75.886
73.177
86.835
53.424
60.251
60.517
60.517
44.527
48.823
88.195
49.195
82.615
76.903
32.144
64.121
82.692
84.712
32.759
86.017
89.486
78.963
68.423
69.827
51.380
77.237
88.195
81.642
40.013
89.385
78.435
69.136
60.866
57.522
77.833
62.733
84.712
20.073
61.067
80.548
65.932
69.328
72.702
89.357
79.141
76.219
88.675
37.420
72.198
81.063
55.882
81.132
76.446
20.073
80.548
30.766
72.702
72.702
73.023
89.919
82.783
88.448
88.675
82.565
82.565
77.787
70.784
70.784
85.608
77.833
31.231
80.614
85.929
85.929
81.099
30.766
32.864
34.488
73.023
88.334
88.334
88.448
51.685
73.841
82.281
79.604
69.305
85.940
85.940
15.239
31.231
81.203
87.109
88.095
84.895
76.995
81.266
36.014
45.026
79.604
84.666
58.889
87.978
48.986
31.231
59.543
70.053
88.095
84.569
84.895
58.518
69.253
36.014
85.574
37.072
63.323
87.373
31.231
84.569
41.921
83.347
62.401
81.662
35.076
68.866
81.301
33.810
58.099
63.564
63.564
72.040
81.656
86.061
78.736
53.558
62.109
78.612
41.239
68.866
81.301
81.373
69.550
89.001
88.538
76.795
75.651
53.558
68.866
26.816
69.550
69.550
80.184
78.905
15.623
17.014
88.630
85.734
31.918
80.184
47.235
69.822
84.236
86.891
82.902
88.528
77.561
35.017
87.704
53.543
62.047
84.236
89.335
80.145
88.528
88.947
35.017
77.858
78.583
63.469
84.236
16.938
78.816
88.597
88.256
64.535
88.528
88.528
35.017
81.769
62.673
13.367
78.163
37.781
80.988
58.395
87.875
37.052
80.338
84.616
66.780
42.044
60.496
58.395
51.082
38.485
69.741
87.113
70.625
76.210
80.011
45.178
66.592
80.731
88.757
52.713
38.485
69.741
69.741
84.103
89.592
23.976
51.337
69.741
84.103
84.103
74.019
89.592
78.868
68.121
68.121
51.179
81.102
84.103
74.019
80.264
80.264
67.499
70.367
56.872
81.719
68.121
79.984
77.197
70.367
52.276
50.794
23.821
65.788
15.923
70.307
75.171
50.794
26.790
23.821
89.339
68.012
15.923
76.910
54.702
25.690
78.456
23.821
87.557
80.744
76.278
72.079
87.251
65.788
73.366
77.864
77.864
66.126
87.251
65.788
73.366
25.782
60.328
68.022
39.593
74.082
80.105
39.593
39.593
74.783
74.783
74.783
74.783
64.413
81.653
61.445
64.413
81.653
88.989
64.882
59.796
74.656
29.665
29.665
87.382
74.656
74.656
86.159
87.382
81.702
83.820
77.637
61.890
85.332
2.691
82.080
82.318
83.820
77.637
77.637
29.665
89.599
32.601
31.609
89.411
88.439
67.544
81.398
83.820
32.007
34.935
70.343
67.265
32.156
79.277
79.277
68.414
79.277
60.896
63.287
71.510
75.077
75.077
70.369
82.415
71.413
58.438
32.837
53.859
77.710
58.729
16.220
71.413
89.929
55.371
55.371
32.837
77.710
58.729
89.929
58.446
44.358
63.857
57.634
85.321
89.929
89.929
89.929
65.692
79.618
85.856
63.924
44.358
54.457
47.307
55.613
89.440
87.743
59.560
56.460
77.278
54.457
46.333
62.004
85.187
76.879
74.888
54.457
78.087
78.087
66.205
72.079
58.206
61.151
85.187
82.904
57.073
56.931
75.427
89.849
60.837
54.457
8.830
81.180
86.579
85.239
62.960
80.686
57.073
57.374
86.947
70.628
70.628
50.977
86.689
86.689
74.674
74.158
79.563
57.073
73.935
81.085
83.719
82.977
17.146
81.811
72.276
31.688
44.656
57.321
74.158
60.431
88.364
53.844
84.510
77.575
44.190
67.141
81.811
63.060
83.726
80.209
24.545
69.686
44.656
55.125
40.346
40.346
62.393
76.168
87.488
86.721
69.947
77.575
45.478
89.116
56.534
86.084
44.656
86.066
42.949
53.497
81.916
83.024
89.625
58.558
85.279
69.544
84.639
81.638
56.743
77.826
84.728
84.728
28.462
70.410
86.190
69.544
69.544
74.081
66.663
77.418
84.728
76.779
76.779
58.479
58.479
63.703
63.439
69.544
80.185
14.967
44.691
67.693
83.677
66.663
58.190
58.190
73.663
55.818
77.418
73.459
74.187
61.122
87.308
89.565
89.565
89.653
61.950
77.250
80.662
21.406
75.609
74.949
62.355
47.326
19.290
58.006
61.122
84.755
66.221
24.808
87.823
79.841
62.691
72.234
80.662
72.833
22.721
51.943
28.436
61.623
74.030
74.030
36.383
15.684
30.780
74.023
87.316
73.173
80.972
89.040
72.247
76.063
80.662
80.662
48.659
69.628
63.034
75.154
64.445
28.436
60.081
87.860
74.030
69.187
31.983
76.148
40.845
30.287
86.445
87.987
84.896
73.599
87.512
77.575
77.246
28.436
50.846
84.593
51.832
37.824
8.523
6.115
45.803
16.975
88.975
22.486
52.967
88.029
57.536
75.154
80.823
70.465
82.276
78.531
66.569
77.862
61.208
47.214
81.960
40.028
50.271
2.494
85.690
85.690
75.556
71.956
19.131
59.510
47.196
52.803
77.267
89.854
51.237
88.029
87.881
75.154
43.795
81.088
81.088
76.217
66.322
44.982
44.736
1.666
67.124
61.591
71.201
89.829
66.693
71.956
67.858
23.748
41.713
64.992
61.925
76.303
69.623
67.282
44.314
88.029
67.084
65.344
68.182
51.359
76.853
53.241
81.960
44.854
6.962
57.334
57.334
61.591
47.104
47.104
56.621
57.844
73.215
64.808
20.437
80.724
73.142
76.303
65.357
26.215
70.571
80.513
69.203
42.936
76.463
76.562
89.248
78.938
65.344
67.601
84.611
75.033
72.409
50.431
35.024
28.965
24.525
41.834
37.012
35.920
57.334
70.520
78.210
78.558
85.561
85.561
68.945
48.110
88.029
49.500
81.311
84.221
77.591
75.033
72.409
72.409
53.199
34.719
35.024
56.969
56.969
24.572
51.172
69.357
78.027
52.737
88.216
82.743
85.547
84.250
48.201
80.722
68.307
69.694
68.945
88.029
78.833
42.852
59.306
49.500
49.763
86.260
87.779
84.520
79.593
73.867
73.867
34.719
28.297
28.297
84.724
6.533
52.653
52.653
69.357
44.470
81.792
64.485
64.552
88.029
75.112
69.984
50.387
82.898
24.445
87.037
79.158
34.331
29.474
84.724
84.724
6.533
46.255
46.255
25.886
83.129
22.075
69.357
51.439
56.843
84.028
84.974
68.986
68.902
52.976
55.966
88.682
74.768
74.768
38.129
50.499
58.786
73.623
68.060
64.577
76.043
53.916
34.331
65.684
1.168
68.995
40.291
52.016
23.810
34.609
64.301
71.951
59.110
71.175
68.986
82.814
69.414
77.035
50.499
43.666
80.020
76.378
47.310
60.322
71.974
63.311
77.895
46.113
77.080
86.843
68.181
28.297
52.451
84.018
78.151
32.632
64.941
61.873
70.097
61.062
73.683
11.814
75.278
86.217
56.854
34.158
79.005
36.295
32.248
80.920
66.496
57.784
15.520
73.654
76.378
82.325
88.093
80.862
39.900
48.212
44.554
58.436
35.697
66.139
40.051
28.297
83.640
23.567
23.850
79.431
78.783
72.167
88.856
54.774
79.655
74.163
63.197
56.854
75.527
74.628
69.414
65.007
78.024
75.424
81.882
25.108
70.005
48.159
15.520
16.279
85.288
40.156
73.517
73.127
12.303
44.290
43.300
67.225
40.051
64.664
83.640
26.364
42.331
70.097
19.532
72.167
51.175
64.816
61.247
28.361
75.360
78.512
70.975
54.257
52.322
69.414
77.213
74.375
65.754
89.558
15.520
64.906
84.361
68.461
87.768
41.809
77.013
73.127
81.538
76.633
52.451
84.159
89.181
83.824
83.824
77.727
26.364
86.688
33.815
24.005
70.868
89.450
46.043
87.158
40.216
51.175
72.853
77.056
57.536
80.674
38.761
89.178
62.587
72.793
72.882
71.036
66.149
88.278
68.551
71.415
88.101
80.368
15.520
17.117
69.025
45.619
82.332
50.337
66.853
73.127
39.361
72.954
73.693
89.382
54.076
34.410
65.974
88.635
88.482
76.775
53.891
52.130
70.868
85.324
59.031
33.611
85.301
59.177
41.687
78.313
86.346
89.012
49.643
60.115
84.039
82.456
59.568
19.210
87.541
76.031
88.278
24.233
12.413
89.308
49.933
62.100
44.891
46.475
89.220
66.853
77.459
56.275
56.732
86.200
54.076
82.995
8.074
50.450
21.641
54.806
24.005
34.527
78.591
72.019
72.019
68.979
68.979
33.611
88.564
48.989
72.239
89.795
82.456
44.370
62.994
12.072
43.983
45.097
74.136
89.220
56.275
84.247
54.961
34.920
77.431
77.431
54.076
82.995
73.109
31.917
87.956
74.036
89.475
52.123
51.859
69.468
89.125
52.231
68.979
63.344
80.289
88.320
87.419
57.219
81.348
70.101
59.238
81.828
47.142
73.770
65.643
87.155
78.933
85.704
74.409
79.731
84.208
84.208
66.423
55.444
58.137
38.364
77.431
79.063
4.710
34.805
72.679
84.883
47.749
58.630
80.101
83.526
31.736
18.580
52.123
40.577
69.468
89.125
73.280
52.231
87.460
76.830
66.479
63.616
72.038
55.983
38.581
51.990
73.904
73.860
15.165
57.672
57.672
87.155
70.540
84.030
62.418
56.263
63.506
60.394
82.286
89.463
31.829
72.679
53.087
85.535
86.661
77.887
80.101
22.526
31.982
56.458
10.809
37.160
50.632
51.859
38.506
71.930
68.822
39.468
89.125
61.717
47.739
77.407
80.741
47.048
89.144
51.652
42.937
73.256
40.359
63.049
44.056
10.490
55.355
58.681
85.858
12.185
56.263
79.979
79.903
22.157
86.878
42.182
77.510
74.083
82.656
89.753
87.977
76.538
77.887
79.416
33.144
33.590
40.577
74.796
37.160
85.338
50.632
75.808
45.258
89.125
88.174
76.155
6.155
58.624
80.084
83.818
85.011
72.718
89.450
48.303
68.466
51.797
89.351
54.802
59.527
71.649
79.584
81.366
88.347
62.492
87.710
53.532
80.691
85.680
78.268
85.517
89.753
79.106
67.935
76.287
75.979
7.543
22.526
47.513
66.570
37.854
79.978
76.412
51.451
59.914
72.637
36.240
82.941
6.155
54.466
47.048
89.228
61.815
85.221
38.933
18.374
70.449
43.953
62.079
54.688
70.473
70.100
84.519
44.906
72.869
57.043
82.344
10.947
37.619
66.082
62.076
62.076
39.452
78.268
43.563
24.517
87.977
86.250
67.935
67.917
33.500
46.312
87.846
38.178
71.668
87.899
85.964
40.983
72.297
68.543
21.819
24.324
36.240
86.463
82.941
47.188
85.429
75.966
72.891
79.075
72.891
77.003
85.221
59.819
14.580
15.010
66.936
61.081
62.492
47.384
44.545
86.955
57.043
64.943
35.967
65.214
60.502
89.430
72.523
82.507
43.521
70.300
82.608
61.809
75.925
45.721
45.721
50.886
69.186
55.586
44.795
60.244
70.559
71.365
36.701
21.819
80.359
39.659
83.597
49.550
82.941
63.942
66.686
47.436
69.029
22.988
55.363
50.679
63.954
78.913
15.010
66.936
77.428
62.079
27.710
44.545
89.988
37.350
69.949
49.522
44.970
35.967
62.575
62.929
78.268
78.268
78.857
50.555
67.698
86.927
47.304
8.207
47.440
45.189
45.721
45.189
80.669
42.689
21.819
80.359
49.550
30.872
54.021
59.622
48.406
40.161
47.255
87.248
23.649
52.505
62.121
88.535
63.954
21.038
81.959
62.079
44.556
44.556
40.009
53.843
46.112
78.268
55.876
65.612
23.566
84.476
84.548
62.777
45.189
71.851
46.825
36.923
52.344
66.402
49.550
30.872
62.018
86.427
77.936
51.551
41.978
88.849
62.121
35.504
53.715
56.200
68.308
24.209
83.767
17.316
69.123
64.680
26.429
22.237
40.946
83.443
63.516
26.728
84.476
49.332
42.878
58.046
6.248
43.486
72.626
68.840
32.392
43.624
36.798
63.645
64.976
34.420
53.866
60.827
30.872
62.018
62.018
74.727
74.727
81.660
35.504
52.800
48.782
68.097
56.200
74.293
88.143
85.735
43.461
17.316
52.865
15.943
73.138
14.565
76.853
44.112
77.602
83.813
55.399
81.098
9.881
5.627
55.037
68.631
80.313
58.549
77.471
19.792
23.149
55.388
67.757
38.123
8.718
22.123
49.993
88.468
46.730
76.012
89.753
56.490
66.050
47.820
71.993
59.727
54.268
75.145
65.688
66.187
77.234
59.615
35.092
75.263
30.200
85.664
85.014
39.437
62.198
22.224
74.475
33.259
75.770
58.655
42.833
33.367
72.979
81.507
88.468
15.819
36.990
53.092
61.013
77.563
82.174
41.971
55.987
73.808
87.735
78.948
52.706
65.479
53.272
77.232
42.927
67.841
67.841
84.078
64.389
61.276
21.409
78.241
34.240
31.791
35.911
15.560
47.498
49.632
82.176
82.046
83.518
61.298
80.837
42.660
44.341
57.684
63.451
62.969
38.051
37.160
48.576
33.206
73.112
65.479
55.928
73.006
38.918
42.927
42.927
58.097
87.018
61.276
66.495
50.597
76.142
51.714
78.241
36.432
72.720
52.506
81.668
85.226
85.226
57.776
16.486
59.748
63.295
74.070
81.469
5.508
88.780
89.928
85.457
69.354
49.532
38.051
76.105
74.493
65.479
59.975
68.495
55.744
43.278
48.534
42.927
87.938
52.350
84.209
84.877
68.464
58.167
81.276
49.985
7.830
88.484
78.216
13.259
62.755
79.790
35.886
59.165
33.493
86.616
66.325
59.748
62.661
81.643
58.346
40.709
25.538
5.508
43.444
86.659
46.484
26.408
86.124
76.276
65.957
56.402
5.177
33.721
68.208
55.744
72.820
70.953
84.234
75.440
80.949
74.109
66.578
79.050
57.328
80.136
67.806
73.873
77.148
77.148
79.790
51.509
60.263
38.235
50.546
26.408
27.890
73.387
51.337
73.830
5.177
40.695
64.955
89.528
70.755
60.055
87.831
83.493
85.461
77.148
51.509
81.120
84.740
57.342
22.209
75.874
63.071
61.084
72.691
46.642
56.337
34.466
21.338
76.163
87.108
83.847
72.906
63.948
73.593
75.169
67.402
87.954
78.456
70.717
62.645
87.416
26.047
72.559
40.781
85.010
84.740
69.751
71.481
43.739
80.253
55.304
56.863
70.660
59.536
59.011
59.011
83.920
87.445
30.214
89.494
64.773
57.959
53.688
63.184
83.847
79.785
71.528
54.292
62.164
57.174
88.386
70.883
68.286
66.554
8.466
84.242
86.433
63.049
27.246
56.818
56.863
46.089
81.307
79.357
88.813
69.482
86.999
88.747
18.690
34.849
75.113
89.850
83.993
77.134
54.778
48.636
88.386
66.397
65.556
57.814
76.937
82.632
65.717
78.417
81.095
89.200
64.429
83.304
84.242
63.049
77.458
87.277
87.277
56.510
42.140
77.451
82.794
82.794
77.385
47.301
59.853
74.834
64.449
86.498
70.315
84.943
79.790
57.974
88.386
65.578
58.768
28.696
65.182
65.182
65.053
65.053
79.116
82.632
88.769
81.095
83.550
81.638
65.834
77.458
84.466
34.628
69.798
85.277
52.944
26.058
47.888
42.140
70.396
83.564
69.521
56.600
72.116
88.273
52.843
63.106
84.654
27.170
86.100
75.910
88.386
65.567
36.987
22.037
65.182
79.116
84.987
58.337
81.539
81.539
56.501
81.461
65.834
73.177
55.305
59.759
85.884
64.107
88.827
85.059
58.205
62.030
59.522
67.929
88.650
45.936
54.861
74.340
63.649
76.754
58.530
38.568
66.914
55.028
59.814
71.328
79.459
49.015
32.002
86.142
22.037
34.100
58.151
81.430
81.430
75.844
83.799
88.847
65.819
60.280
68.821
44.637
51.611
76.985
43.411
53.628
73.670
56.989
61.983
54.877
64.107
89.913
62.595
35.420
84.705
86.618
84.201
65.748
76.233
76.233
43.696
49.167
58.750
65.562
82.793
51.196
68.402
75.489
39.195
26.631
82.272
33.431
84.622
43.735
69.271
69.271
56.410
74.027
32.935
61.983
88.605
53.928
59.889
88.590
54.183
70.332
72.627
51.391
39.921
77.770
30.843
55.874
76.329
73.878
76.539
63.979
28.057
34.181
85.845
87.292
67.142
73.753
55.139
58.740
89.722
84.746
65.224
44.562
11.994
15.565
55.374
33.644
26.526
60.231
65.775
62.949
71.277
65.062
57.915
77.231
75.035
66.277
76.050
87.180
84.277
51.129
82.458
80.522
49.240
54.153
43.873
34.542
31.268
84.681
85.243
44.443
30.991
71.829
58.740
73.392
40.578
62.960
78.895
79.312
87.968
75.028
47.667
39.007
26.526
60.231
16.572
86.338
89.373
55.587
72.505
52.247
35.897
35.897
89.737
44.538
56.791
66.495
49.240
76.033
43.873
43.873
75.690
55.549
53.229
85.834
73.000
49.073
86.555
42.024
71.642
49.148
80.052
77.377
74.385
79.111
85.522
82.363
82.627
57.957
76.029
52.247
82.194
66.734
85.361
64.969
79.201
66.495
45.746
43.873
53.231
82.766
85.834
37.337
77.668
72.624
77.260
42.002
59.572
39.391
72.978
79.111
81.888
86.418
43.584
64.755
40.743
47.752
57.167
71.026
71.026
65.197
82.322
46.165
44.629
82.940
63.000
5.423
38.078
20.794
69.891
74.891
70.058
66.495
81.377
56.599
13.933
56.635
59.664
68.071
68.071
32.978
32.978
38.737
80.308
57.333
32.085
34.789
82.081
84.566
60.917
85.786
25.450
74.848
78.275
70.984
62.078
62.078
84.206
75.433
68.071
58.952
51.245
58.097
86.367
69.651
24.965
45.995
85.516
84.635
80.308
51.222
74.083
73.903
73.903
84.658
82.081
84.110
89.947
86.739
77.857
78.204
81.903
45.731
45.858
87.176
27.773
31.445
21.226
64.485
70.410
80.479
46.567
10.217
53.544
83.385
85.819
64.696
53.209
15.345
83.098
63.477
32.746
47.129
89.766
62.484
14.692
68.873
86.357
47.715
83.780
53.406
78.297
60.319
72.006
77.058
44.169
67.531
65.415
61.994
72.080
50.268
40.760
66.604
50.520
75.287
38.921
20.350
55.181
65.182
83.463
74.239
39.911
59.026
21.909
63.345
56.777
73.903
88.519
46.236
52.808
69.865
76.779
70.313
67.668
62.845
54.022
51.095
80.681
70.990
88.995
71.823
25.405
21.909
73.618
73.618
45.568
74.900
71.195
75.758
68.636
69.369
88.928
88.928
54.641
44.744
51.643
59.626
38.012
76.980
34.195
68.684
64.171
63.757
39.203
37.236
80.307
86.316
39.687
59.942
67.750
71.189
79.681
67.914
74.370
74.296
74.296
42.326
59.950
71.668
65.965
32.645
38.721
35.686
83.184
24.513
89.390
42.376
17.682
63.944
61.741
84.657
65.091
88.889
87.916
87.916
77.946
13.081
62.637
73.642
36.188
57.608
79.681
67.914
72.051
74.296
55.191
86.232
86.232
86.236
59.950
67.257
54.064
32.645
88.182
89.637
86.138
17.408
35.331
81.499
81.103
74.208
87.916
86.101
78.054
62.637
87.762
36.831
55.826
53.496
86.395
19.780
69.334
71.233
49.696
52.982
83.448
74.149
86.138
89.831
55.218
10.570
78.855
77.473
89.159
47.130
26.960
81.105
52.952
75.457
88.551
62.637
56.103
81.121
69.951
81.361
56.627
81.627
65.270
39.089
40.267
50.049
62.136
34.129
36.946
60.228
8.506
66.641
62.119
44.934
55.811
56.103
63.448
85.041
72.212
88.532
70.781
73.080
61.929
74.719
74.719
45.784
38.806
52.287
89.524
75.829
27.499
41.555
49.699
82.723
65.672
56.881
86.925
74.317
61.545
87.746
70.386
47.674
52.471
75.333
75.953
57.130
44.983
82.528
85.123
3.937
81.200
43.110
73.080
74.719
74.719
61.241
85.047
88.340
80.108
43.673
58.177
85.771
36.918
77.927
36.649
62.460
50.192
80.138
35.449
40.188
88.532
56.808
57.113
87.828
36.525
66.478
34.077
61.744
35.716
48.483
39.438
73.896
70.438
69.703
26.541
76.979
73.680
82.139
55.707
35.449
55.093
58.246
54.574
48.136
82.970
30.101
65.238
21.093
72.366
65.299
85.637
49.600
84.803
66.517
71.269
66.132
70.871
62.942
72.168
69.967
80.831
81.700
7.239
52.012
52.168
52.043
41.484
39.675
65.238
75.337
37.543
79.586
57.975
48.333
69.233
80.446
78.599
81.700
83.274
58.439
86.669
75.253
52.927
88.925
81.386
81.270
41.363
43.232
43.850
83.543
80.175
53.415
68.558
48.760
78.133
80.883
78.985
81.034
49.513
48.207
85.964
89.982
23.874
38.142
79.392
70.501
69.492
75.659
85.126
85.800
57.314
57.314
60.036
60.036
73.894
67.810
44.785
30.819
71.320
40.893
83.757
85.562
66.247
84.946
18.970
82.510
79.078
50.382
87.149
57.200
60.036
56.475
61.668
66.045
65.331
64.988
66.247
88.051
84.058
72.711
63.897
74.814
75.574
50.382
50.382
50.382
71.911
73.069
88.285
89.356
49.281
65.037
83.555
71.278
60.164
66.853
29.089
76.948
83.808
60.272
55.311
71.026
53.751
50.382
54.050
54.762
86.386
62.406
59.761
62.346
69.487
49.083
82.939
87.644
85.502
73.394
74.593
57.913
76.475
42.307
40.021
63.527
56.353
64.999
59.667
87.870
41.419
69.850
80.993
61.508
87.335
42.365
41.408
89.701
82.964
46.144
70.528
13.275
82.737
79.206
52.197
43.737
54.659
87.501
36.165
66.897
55.509
71.542
57.065
86.468
87.872
24.577
86.755
61.196
79.282
68.918
58.947
63.046
38.326
41.025
27.213
68.199
79.206
38.855
76.413
58.986
49.462
77.790
75.151
69.200
66.876
68.520
75.430
86.191
65.578
80.867
83.180
29.941
39.699
76.886
23.235
72.137
75.235
71.132
85.228
70.346
86.743
36.936
42.932
82.351
49.671
71.768
80.068
49.462
64.470
70.486
75.430
74.313
61.236
80.890
88.501
50.762
69.601
39.699
54.326
69.916
77.404
85.125
82.254
84.274
28.511
67.623
66.460
54.731
70.346
41.957
87.981
84.653
67.591
15.018
43.921
53.966
59.808
61.364
68.624
69.820
58.788
82.622
82.622
87.790
77.923
28.788
11.549
28.178
44.397
41.008
69.916
76.993
66.396
88.602
65.533
20.677
64.858
64.858
58.691
74.314
39.775
74.856
48.837
80.618
53.634
73.517
49.407
86.402
51.337
74.282
87.883
87.883
63.650
7.071
3.892
84.760
55.322
59.158
80.308
72.855
73.509
83.869
79.238
31.637
80.559
82.593
82.593
65.917
39.775
42.929
54.379
69.615
58.502
54.717
71.298
85.514
54.326
69.592
79.529
86.299
71.783
63.374
63.374
50.345
89.578
73.110
85.795
25.535
83.440
70.910
81.838
81.915
85.905
52.774
21.107
71.298
44.529
62.271
23.450
82.635
60.223
68.728
77.415
46.306
76.800
30.887
35.240
60.704
75.988
50.764
59.904
71.298
38.594
43.443
85.409
83.407
55.971
85.346
72.814
83.290
84.766
49.230
51.220
87.429
52.551
74.139
74.139
67.021
82.053
37.604
68.565
82.071
78.734
76.545
76.222
21.107
59.904
45.844
60.043
55.857
79.496
72.814
76.511
65.937
21.352
63.369
80.035
76.146
80.469
82.243
44.690
66.958
44.913
72.815
45.508
56.464
65.824
75.917
37.208
37.208
28.915
22.558
79.704
82.701
77.763
59.427
58.613
43.181
47.348
76.511
59.575
71.928
67.913
83.431
69.534
71.577
69.225
76.855
64.962
82.243
77.007
84.748
85.044
46.787
58.411
21.416
47.917
67.460
78.342
38.890
82.701
34.264
65.024
45.444
18.855
56.972
51.921
60.279
83.180
26.251
71.476
76.649
69.225
80.008
55.030
77.147
45.746
89.297
69.221
71.649
78.335
31.944
38.933
68.988
83.152
78.342
78.342
61.509
51.620
22.724
59.855
33.956
56.226
68.576
24.201
74.024
68.948
53.268
77.901
48.170
66.273
64.876
58.878
58.878
86.996
80.225
41.862
32.386
38.933
44.247
8.342
88.261
57.312
65.284
46.466
70.553
58.043
54.958
23.045
78.735
77.901
39.728
38.124
38.124
75.067
71.356
27.412
41.862
53.247
33.840
85.263
65.535
85.259
72.656
58.837
57.463
63.930
71.799
35.328
76.385
81.331
30.644
84.673
62.821
39.728
82.563
71.995
24.856
25.737
63.342
85.972
15.123
43.117
68.461
31.803
81.331
75.915
75.556
56.610
54.834
51.627
44.333
87.503
73.549
40.694
24.856
53.287
77.991
80.088
87.292
70.210
46.546
14.865
18.955
68.461
80.563
53.274
32.905
80.199
75.556
61.820
45.800
52.669
42.178
87.503
72.503
65.675
57.025
76.856
24.856
57.658
52.535
37.699
70.751
55.428
80.198
47.567
74.513
47.763
28.265
59.505
88.427
54.820
76.816
63.979
25.620
50.423
87.263
77.074
61.445
41.325
83.033
73.090
47.211
42.426
76.444
73.222
45.552
77.425
47.249
66.197
75.766
84.314
23.984
35.001
56.882
63.537
57.819
51.335
69.568
72.258
51.110
76.056
77.042
89.822
25.620
51.836
81.438
81.020
88.567
76.444
72.943
88.709
80.631
55.049
76.109
59.336
56.374
89.519
63.106
50.196
64.787
67.036
63.046
83.213
72.258
24.994
62.746
74.694
22.144
59.637
49.364
81.438
53.426
17.242
81.112
37.483
88.567
40.908
75.414
89.493
79.719
78.106
70.606
59.621
59.352
26.351
47.108
64.268
76.210
14.464
76.048
76.048
81.894
31.514
62.746
48.954
82.160
82.160
72.186
83.477
38.616
37.483
72.209
67.465
21.101
52.923
61.316
73.543
52.544
38.922
74.443
15.969
80.336
68.624
68.919
73.440
72.161
56.475
38.900
54.622
48.942
59.151
54.426
72.013
13.883
55.031
66.205
69.926
46.210
67.673
50.669
75.863
27.940
68.272
54.905
19.066
80.525
78.853
52.335
83.112
62.822
58.567
67.950
32.455
54.426
69.451
65.330
34.104
48.423
85.033
22.383
76.690
86.300
85.316
54.093
57.146
64.755
17.748
52.577
78.631
23.764
79.496
88.365
83.636
68.701
61.157
81.658
42.581
47.156
32.455
48.027
56.214
71.656
79.104
87.352
72.438
54.929
74.279
88.090
52.577
53.208
79.496
36.146
27.085
87.096
81.972
65.028
58.907
79.642
7.571
79.497
88.649
42.581
72.477
29.771
83.565
53.014
83.430
65.158
71.905
57.265
56.579
73.010
72.530
33.575
53.467
27.071
43.639
39.322
38.916
83.636
72.577
72.324
32.737
33.379
72.373
73.132
81.431
89.636
72.633
69.104
65.716
19.534
88.357
61.158
77.203
4.345
9.842
56.308
77.971
89.217
52.910
22.415
53.212
32.737
36.189
86.511
81.169
65.545
61.658
61.158
54.287
51.777
55.728
8.234
70.089
87.525
60.882
17.095
85.534
77.971
38.988
18.877
14.895
63.854
46.016
82.379
44.519
71.825
71.976
59.194
60.562
55.939
51.777
69.821
55.728
71.609
54.851
70.089
40.318
62.291
88.575
15.265
15.265
80.178
77.971
77.971
77.971
58.185
78.934
73.611
57.225
79.362
73.048
50.252
50.157
3.812
68.042
41.885
71.825
80.230
65.121
18.737
6.821
63.514
83.008
31.032
39.136
62.978
65.596
61.220
46.906
73.611
59.545
54.664
50.157
52.985
65.962
35.701
83.716
65.261
82.639
82.639
79.254
16.196
43.937
29.258
27.279
86.933
89.356
55.728
65.300
50.308
25.964
43.207
55.916
42.541
82.363
53.672
61.534
35.784
87.022
15.507
35.573
19.125
58.759
83.390
69.927
68.468
70.424
14.047
87.672
74.924
43.077
8.806
62.328
78.169
81.199
84.388
83.636
80.974
77.624
26.196
57.824
19.813
81.152
28.907
86.974
71.801
45.989
42.647
75.698
57.615
55.216
85.106
72.188
13.697
54.507
66.253
43.375
86.753
72.249
27.553
71.228
81.199
49.561
36.841
42.305
80.821
84.617
57.771
58.163
49.581
85.206
73.313
76.609
45.989
45.632
87.410
42.850
77.090
20.492
51.880
87.050
30.340
73.127
69.162
68.192
57.956
84.363
30.907
80.821
73.684
52.638
80.328
82.378
81.325
76.242
72.786
71.298
40.494
65.206
70.820
62.272
46.453
52.552
70.599
80.586
9.293
56.382
72.029
74.561
57.357
58.434
78.121
51.720
66.847
32.972
27.900
84.363
39.158
29.647
39.412
71.694
89.557
64.785
35.804
33.022
73.969
81.278
84.599
76.023
68.194
68.773
85.285
70.599
70.599
10.489
59.786
72.271
84.438
73.852
41.039
60.327
80.316
38.288
89.907
73.593
48.538
39.412
17.308
75.758
81.763
51.822
83.470
82.880
78.103
89.899
38.140
67.759
35.804
70.018
71.071
87.275
89.242
59.094
39.355
79.447
83.199
56.897
24.577
33.896
44.905
52.902
83.993
85.311
81.324
74.404
86.398
86.090
74.598
78.229
81.680
58.158
44.115
73.417
62.871
9.449
47.442
67.842
72.061
76.380
77.418
38.282
83.199
83.199
18.242
57.090
61.290
62.725
85.287
79.362
78.365
88.465
83.993
71.694
62.672
86.398
50.515
88.932
70.871
70.871
87.844
78.347
41.088
68.495
72.244
9.449
46.289
79.447
83.709
46.815
83.073
89.425
71.307
86.682
60.699
13.409
71.287
82.858
55.682
76.138
77.155
70.044
88.252
86.388
64.465
62.155
60.206
89.425
42.075
21.084
79.820
88.465
19.971
71.763
82.787
60.718
86.544
3.278
42.796
59.295
88.343
88.343
67.236
63.313
16.519
70.773
38.909
87.437
80.066
70.299
38.638
48.980
70.403
59.414
67.096
66.010
67.087
84.959
36.065
42.511
84.465
82.545
70.759
70.759
16.519
16.519
77.325
52.197
59.955
51.336
38.568
57.390
82.028
82.028
80.719
57.449
70.403
58.802
52.314
84.081
48.588
89.741
79.930
15.238
36.648
87.780
18.258
66.182
72.997
86.605
36.263
56.119
39.455
58.524
86.016
59.720
30.374
24.447
72.605
65.519
64.889
59.649
32.124
71.844
86.740
21.928
80.607
15.238
63.744
20.739
31.548
54.981
70.146
59.720
66.381
89.146
68.931
59.824
67.208
71.072
65.950
72.220
59.649
61.856
86.685
89.457
21.928
36.524
69.112
82.026
32.255
58.889
32.020
71.447
80.004
63.971
31.548
84.982
84.150
65.568
81.889
84.376
84.376
72.129
17.487
69.517
59.649
83.666
79.627
59.466
89.918
52.580
42.089
58.889
32.020
48.199
71.959
50.147
79.835
79.835
69.341
68.264
70.270
69.887
85.598
72.129
17.487
69.902
59.649
33.284
80.633
68.069
87.630
89.918
61.338
82.026
67.416
54.741
56.683
58.889
41.176
62.052
65.516
86.169
86.306
85.752
78.134
44.842
37.078
66.886
32.038
72.620
80.633
72.235
86.520
61.338
67.854
54.741
56.683
25.240
37.379
81.075
65.791
56.730
86.944
48.181
55.850
15.190
37.078
84.840
84.840
66.886
79.556
37.375
79.893
44.445
56.900
72.620
86.049
16.392
60.443
54.741
55.085
77.273
37.379
80.305
74.344
74.344
37.844
59.338
66.251
73.261
78.663
62.755
29.032
76.117
76.410
87.020
57.766
67.854
8.322
80.601
38.790
71.348
58.412
82.733
66.763
81.978
68.131
69.550
11.046
55.020
53.293
76.550
47.130
50.530
65.976
65.976
62.254
66.556
35.593
89.437
38.650
53.083
82.798
59.211
59.211
71.598
9.506
60.866
11.046
45.425
76.550
76.550
74.755
64.104
79.234
65.976
62.423
44.634
7.988
15.719
35.593
55.889
78.660
66.670
66.670
86.383
52.466
71.598
4.821
60.866
60.866
32.564
25.267
81.680
12.516
40.465
81.174
47.130
60.251
66.556
7.988
15.719
69.705
75.988
61.564
54.479
66.670
84.712
69.988
60.866
27.775
81.680
81.680
62.383
29.276
88.195
69.463
68.517
60.337
75.694
66.556
69.705
61.489
72.692
72.692
68.423
61.067
10.097
86.055
84.712
73.669
53.054
65.302
62.909
62.909
5.260
69.136
89.357
81.642
46.710
69.463
49.195
68.517
51.380
75.694
70.177
68.719
68.423
65.424
56.682
87.736
5.260
78.839
44.120
68.191
53.456
48.823
69.827
26.111
85.929
80.548
53.895
23.370
81.132
77.833
83.104
70.784
88.448
86.667
88.675
53.456
77.848
35.930
88.095
80.548
20.073
53.895
76.446
81.132
62.733
62.733
68.777
79.604
65.876
77.203
82.565
88.334
69.340
41.174
80.365
74.937
72.702
28.410
42.873
30.766
83.454
31.231
80.324
61.520
67.700
74.718
80.959
85.008
68.152
66.387
50.756
74.937
28.410
84.858
84.895
31.231
81.203
85.608
70.199
58.976
22.421
78.736
84.895
89.354
59.543
70.053
64.488
83.347
85.608
84.197
71.798
35.102
58.518
53.558
76.795
84.569
81.656
86.061
47.777
43.486
85.608
67.288
36.014
58.518
54.660
81.662
89.171
89.171
40.494
85.608
67.288
58.518
6.352
86.183
84.946
75.651
75.685
71.432
62.401
39.954
69.550
49.956
85.608
68.866
65.322
30.287
75.824
67.879
35.017
26.816
82.169
29.090
88.528
78.816
78.136
15.930
35.517
80.184
80.184
88.528
31.174
84.236
80.693
31.509
16.968
60.420
80.184
72.266
77.581
80.145
63.573
89.335
35.017
86.423
88.815
76.752
64.535
58.395
88.947
88.597
78.780
78.464
37.781
81.358
54.018
88.597
69.741
80.338
87.875
89.592
74.698
38.485
64.103
64.103
78.905
37.052
37.052
46.150
63.396
69.741
69.741
64.726
52.713
77.197
37.052
83.781
49.972
82.798
80.011
84.103
87.113
87.113
69.741
15.923
77.197
70.367
80.264
55.444
84.103
15.923
54.584
51.337
70.367
80.264
80.264
48.455
84.103
74.019
81.102
54.702
86.471
68.121
68.121
70.367
68.012
74.019
48.375
68.121
68.012
23.821
26.790
75.171
40.327
68.592
23.821
30.587
78.456
68.709
87.251
76.278
87.251
87.251
78.048
67.962
84.222
87.859
82.061
67.962
39.593
60.870
74.082
82.061
39.593
69.566
68.795
39.593
61.064
76.905
74.783
74.783
74.783
74.783
51.557
83.024
55.613
54.987
51.631
51.631
85.690
30.780
71.201
30.287
30.780
28.909
28.909
34.756
51.185
47.104
81.653
46.043
79.618
56.554
88.989
79.618
86.423
88.989
39.218
87.460
87.460
58.479
58.479
28.462
28.462
35.859
63.703
81.383
48.666
55.402
47.512
49.550
65.788
51.294
81.218
44.470
54.774
60.827
68.979
75.366
63.085
89.629
88.364
80.289
54.774
75.389
68.979
85.507
40.216
42.833
14.251
33.623
66.479
84.542
89.929
57.321
89.929
89.929
28.657
39.659
39.659
83.245
78.775
76.578
72.864
72.864
59.177
39.659
66.410
32.601
84.740
81.120
77.130
75.844
79.584
78.775
78.061
85.547
82.733
42.873
77.648
32.837
65.788
72.266
65.568
43.324
59.076
86.413
71.413
86.383
59.560
65.596
64.629
77.638
80.988
63.099
87.113
26.231
69.544
41.687
57.057
81.563
87.113
87.113
70.848
73.753
60.280
31.759
18.615
69.544
89.486
56.629
58.137
71.829
71.829
51.519
50.970
86.017
37.781
80.548
69.741
44.358
44.358
58.740
43.735
43.735
81.668
67.757
62.018
66.755
86.388
58.413
84.673
38.485
69.741
53.136
62.018
72.623
58.413
37.924
81.014
61.458
81.412
60.960
80.548
56.854
68.986
74.422
54.680
87.750
75.824
66.886
66.886
61.247
78.558
74.142
83.098
86.937
30.434
26.031
56.623
56.623
62.821
62.755
42.941
31.126
31.692
77.357
76.642
63.150
38.390
80.338
69.344
29.214
55.915
84.974
81.596
86.855
89.565
81.062
29.119
61.289
66.497
60.017
54.466
88.095
59.211
46.815
52.187
54.866
55.104
84.354
83.951
86.121
56.001
70.380
76.020
71.025
70.616
60.017
54.466
47.048
47.048
88.855
80.748
85.929
28.927
33.167
74.163
52.767
63.746
79.984
81.678
82.686
80.972
89.040
63.477
70.453
88.922
86.453
80.974
70.299
71.256
82.121
21.822
87.470
17.301
78.463
76.943
23.821
20.073
20.073
15.438
80.632
30.207
40.993
75.633
84.134
88.080
78.463
80.226
82.939
59.505
89.083
78.443
84.033
30.587
69.694
56.821
37.914
38.002
54.774
74.605
82.951
77.869
75.201
84.712
56.648
80.041
80.041
80.041
36.304
62.689
30.587
57.090
67.750
88.543
76.979
88.522
69.526
47.338
44.109
60.913
80.291
80.041
80.041
65.968
49.181
63.748
76.043
70.760
89.893
48.484
73.680
76.979
44.314
43.531
64.838
55.591
55.010
56.190
64.123
61.547
61.547
31.155
44.109
85.487
23.748
45.821
60.339
52.713
17.146
88.947
59.720
58.088
87.248
89.228
78.383
37.282
51.237
55.010
74.239
31.231
61.095
48.980
68.028
44.026
37.052
76.621
88.230
82.456
44.983
70.765
73.891
76.559
86.016
83.073
42.465
81.889
75.953
75.953
50.871
89.146
71.303
69.414
80.253
55.304
44.347
73.452
70.175
77.805
59.492
46.906
51.004
86.971
68.121
61.189
64.469
72.891
88.029
61.815
72.446
54.071
76.795
69.887
72.424
54.702
77.855
86.674
43.230
66.325
62.058
72.891
24.674
85.228
79.285
71.057
57.605
40.763
59.323
78.163
78.163
86.933
84.421
38.179
72.939
15.923
58.947
50.779
67.275
80.324
70.053
72.554
26.358
26.358
85.228
85.228
72.002
47.674
47.674
73.177
70.003
63.853
72.032
74.192
70.179
29.032
29.032
66.592
82.692
59.543
78.251
39.911
61.521
39.936
39.936
47.674
88.887
63.853
63.853
63.853
72.491
44.210
49.776
30.023
86.784
70.162
49.524
75.651
41.618
87.425
78.251
23.848
77.864
73.941
39.936
41.647
80.052
50.113
44.210
30.182
30.182
26.215
79.153
79.153
87.736
55.223
75.856
88.468
85.597
37.875
0.657
17.804
19.170
56.050
70.737
76.224
84.611
89.662
30.907
74.082
28.376
87.281
73.602
58.287
68.227
16.328
73.384
82.593
21.336
76.162
58.395
81.256
52.371
21.351
68.931
28.094
88.256
73.689
59.069
50.198
64.562
70.396
52.590
78.224
82.593
48.298
48.298
22.453
47.939
13.367
76.910
27.091
76.985
74.162
61.789
36.990
32.642
65.902
65.902
57.213
55.596
48.298
74.974
35.528
64.048
78.038
54.577
82.477
25.405
45.169
68.156
89.157
81.132
89.625
31.509
31.509
75.158
78.900
79.893
75.584
65.902
65.902
57.213
54.042
52.191
74.974
74.993
55.089
75.761
74.914
16.550
75.966
42.937
81.132
78.900
38.900
38.900
89.052
88.879
43.584
55.363
73.292
63.615
77.069
68.966
77.784
86.968
85.472
78.121
17.094
83.559
83.636
38.650
87.950
61.310
61.939
63.615
63.615
52.551
63.191
74.167
16.279
63.637
45.829
26.425
82.798
63.448
78.303
80.383
87.092
67.623
67.623
66.460
88.471
74.698
78.440
18.157
63.935
63.251
63.251
40.327
74.698
54.019
51.528
54.256
69.550
84.363
84.363
74.149
42.687
84.931
84.931
58.819
76.628
50.090
50.530
79.031
80.264
62.401
25.060
69.550
84.363
84.363
60.025
62.164
60.863
41.365
89.934
57.522
42.044
83.585
80.264
80.264
68.983
43.357
89.279
89.279
43.968
42.409
89.907
66.680
61.590
75.253
68.149
71.319
68.731
76.919
76.919
70.283
72.793
73.627
56.510
80.264
69.988
43.790
25.267
25.267
76.747
89.149
89.149
47.667
48.221
59.514
31.154
31.629
86.790
31.174
64.488
57.496
62.386
73.574
61.084
80.264
72.889
37.944
84.229
89.475
83.919
10.225
62.061
66.944
49.695
48.741
51.683
30.019
32.960
35.614
75.588
73.815
87.740
58.508
71.196
69.998
70.239
62.386
89.615
41.712
77.933
79.153
87.414
66.944
26.838
48.027
49.561
49.561
44.965
84.052
84.388
82.277
35.693
52.430
67.701
54.781
60.408
79.536
61.290
87.096
87.096
85.884
67.220
67.220
48.245
52.245
43.813
39.593
48.170
49.240
55.707
87.389
49.048
56.810
50.044
51.720
51.720
19.849
20.677
49.561
49.561
44.134
84.388
84.388
53.268
66.589
35.719
70.980
70.980
70.980
82.698
33.644
42.363
80.435
74.139
66.714
58.429
51.720
55.168
36.888
68.336
43.207
79.312
21.242
40.265
83.104
70.368
77.294
38.124
55.374
56.900
39.169
74.139
62.822
46.922
49.456
88.896
74.377
88.848
85.979
81.246
45.026
62.637
41.907
74.973
54.803
56.132
58.878
83.332
52.850
64.718
86.945
83.307
77.775
70.197
82.169
43.218
44.431
74.084
42.305
87.557
76.406
87.486
51.627
62.909
88.914
72.394
69.886
20.434
79.988
86.706
73.751
82.163
79.206
36.404
33.559
65.700
80.547
72.129
76.396
68.709
73.753
48.273
83.347
53.593
65.754
82.046
64.830
42.117
76.816
12.941
79.206
79.206
79.206
87.142
51.502
48.960
59.289
50.534
42.557
40.429
35.901
35.901
68.709
89.753
89.753
89.369
83.768
33.354
56.429
56.429
34.774
75.609
75.214
69.796
54.731
54.731
40.862
57.031
9.506
17.039
23.706
23.706
64.100
33.642
89.753
87.325
78.129
63.979
32.443
64.865
67.626
60.908
82.148
86.182
81.950
78.991
64.100
64.100
89.425
22.456
87.280
67.962
5.260
72.959
56.474
74.785
73.011
79.362
39.072
30.253
32.806
42.081
63.341
80.936
80.974
61.181
81.069
77.147
62.957
47.162
66.496
62.087
44.905
78.040
82.281
39.412
77.967
77.967
80.848
85.677
77.139
78.940
43.127
59.060
60.231
56.122
67.744
80.225
80.848
39.037
60.866
66.361
52.115
52.115
47.277
56.924
80.662
62.436
78.821
33.898
58.926
59.910
17.082
69.965
79.485
54.507
49.671
49.364
64.134
59.649
71.995
68.948
56.701
86.171
78.891
71.638
72.315
27.893
33.896
33.896
89.575
56.924
42.075
65.249
59.105
78.821
85.168
34.789
28.081
80.686
88.955
69.887
51.025
48.196
49.364
40.391
71.995
71.995
71.995
71.995
52.480
73.510
84.119
39.004
27.633
33.009
41.396
39.158
47.280
63.724
75.604
73.847
38.933
59.637
56.764
66.616
59.536
45.214
80.293
50.986
31.588
69.601
50.324
21.181
69.305
52.014
80.934
86.337
64.809
80.754
82.312
51.306
66.429
71.026
22.941
63.616
81.595
87.149
44.076
58.122
70.910
44.531
65.876
66.670
84.102
69.137
62.751
62.751
21.583
23.692
88.649
83.550
36.295
65.945
60.225
64.651
58.898
66.301
41.874
77.147
81.215
52.007
37.211
61.013
63.492
82.794
82.794
81.200
59.011
61.623
59.829
34.466
47.823
21.909
80.997
38.201
67.900
63.049
34.888
38.206
54.664
52.421
87.503
83.659
58.346
61.623
66.936
81.386
27.117
25.786
29.395
62.079
73.642
45.487
47.990
84.104
48.016
47.064
73.475
50.174
58.920
89.297
85.749
75.618
28.436
43.461
59.011
19.971
42.115
84.617
70.769
70.769
85.131
78.144
83.301
76.829
41.957
22.041
36.188
65.576
65.861
47.900
46.096
79.887
79.887
62.492
72.666
63.232
41.609
41.609
73.744
71.827
71.827
73.569
33.322
81.221
69.136
70.784
49.500
71.753
72.819
71.802
42.877
55.563
71.484
36.515
65.344
83.818
50.585
88.465
62.045
81.063
85.608
49.308
52.915
33.387
33.387
84.774
58.554
64.172
29.647
52.845
87.448
87.448
81.174
31.266
28.688
33.494
31.063
57.824
55.002
86.412
52.671
44.133
25.722
74.015
40.465
80.633
80.633
53.698
76.550
75.563
82.606
81.636
70.451
44.906
71.222
75.178
72.728
66.539
66.539
45.391
12.236
58.364
75.154
80.821
46.636
80.821
83.428
81.915
51.447
58.802
59.414
82.585
59.508
29.276
79.584
64.815
76.550
73.618
73.618
72.620
53.370
49.831
80.821
80.821
89.068
51.447
59.414
51.971
57.612
25.777
15.626
68.069
34.849
44.556
19.813
80.373
84.395
81.718
86.905
87.711
81.930
72.504
64.277
53.771
56.071
51.799
80.037
79.472
39.952
56.762
80.203
59.727
58.567
44.556
44.556
81.718
81.899
88.123
48.790
69.315
58.176
57.410
77.923
88.285
89.796
59.667
62.118
81.156
67.112
69.417
62.412
52.865
65.418
78.713
70.714
30.909
78.610
78.610
82.122
59.520
43.567
12.609
81.980
58.357
83.920
86.049
86.286
59.476
78.713
65.418
65.205
75.475
84.368
82.122
70.660
72.117
79.972
79.972
54.328
87.069
41.903
42.581
67.879
82.565
58.773
53.543
85.031
64.051
34.958
86.701
37.483
15.705
16.497
16.497
14.167
55.301
81.406
81.406
45.425
89.599
69.489
42.581
63.564
64.836
86.277
82.378
56.979
79.653
12.912
70.144
86.770
78.365
54.877
53.497
80.184
40.713
64.330
50.205
72.806
5.016
82.081
82.081
82.081
77.525
51.011
86.907
49.412
15.010
65.629
59.853
38.550
69.432
54.058
86.954
81.325
57.314
57.314
79.362
79.362
62.944
60.093
61.445
58.976
85.385
59.293
75.604
87.571
84.103
85.017
81.723
41.174
57.440
57.440
60.056
15.961
13.534
60.318
28.691
79.941
85.442
86.909
34.993
58.099
56.656
57.684
37.409
22.421
72.366
71.014
55.587
57.440
21.445
39.209
22.415
81.301
62.095
88.448
71.649
35.017
35.017
85.178
82.971
64.121
86.230
48.985
65.062
62.429
36.415
22.415
67.288
82.179
88.448
49.578
75.758
73.697
84.696
80.423
80.423
78.419
68.152
71.694
55.702
27.941
72.209
72.209
72.209
76.318
57.861
31.634
41.227
21.151
58.886
24.106
47.382
51.435
77.473
49.578
23.996
32.124
88.841
39.258
84.226
87.704
67.929
81.627
72.209
72.209
69.639
43.196
64.222
64.889
71.156
42.680
28.717
86.983
56.295
37.644
57.113
47.798
74.856
81.579
67.640
50.087
57.426
63.581
83.826
44.167
72.220
40.903
67.313
88.334
76.219
54.622
66.865
26.782
74.755
35.308
85.858
74.569
69.463
58.246
86.106
70.021
20.179
74.389
69.902
69.902
44.167
71.749
71.749
86.859
67.313
88.188
80.967
74.181
50.497
61.283
86.758
69.253
70.320
57.407
83.436
58.246
54.131
54.131
70.021
53.696
81.312
39.066
39.066
38.399
52.998
81.486
60.386
69.385
73.447
30.958
70.625
24.017
53.388
65.771
51.931
38.399
82.186
88.195
52.918
69.211
66.570
48.446
81.361
68.866
50.023
87.224
54.276
79.415
23.405
24.866
54.523
85.837
68.191
51.931
51.931
51.931
31.978
38.297
71.167
56.448
80.616
88.195
38.004
85.238
53.532
35.094
72.072
65.824
75.917
37.849
39.069
39.891
59.477
75.659
72.212
72.388
78.880
79.141
50.157
74.855
25.901
62.030
48.316
69.335
49.462
49.153
58.706
71.979
69.887
60.704
36.252
79.873
53.872
48.940
41.239
81.361
47.988
20.121
20.121
46.515
50.530
50.530
37.809
39.595
48.212
51.727
51.727
33.013
36.596
68.263
72.603
80.243
41.239
86.395
86.395
57.968
45.479
58.463
81.922
64.104
28.713
28.713
84.208
46.236
67.311
69.855
83.671
50.438
58.463
28.713
76.203
52.672
60.036
89.244
21.650
53.486
77.676
57.845
59.411
28.194
31.284
47.156
64.665
82.278
82.278
68.517
74.489
82.831
42.324
66.638
49.174
37.961
52.580
52.580
52.580
75.185
51.982
72.011
61.090
41.325
37.397
44.120
48.626
80.433
81.498
68.517
73.090
29.990
72.037
47.139
65.059
48.570
48.570
42.080
34.008
74.625
64.044
14.895
49.611
58.518
58.518
73.090
89.899
22.508
65.059
20.259
81.616
45.049
51.822
80.274
58.518
59.508
53.247
69.138
61.921
82.837
82.477
55.874
88.606
54.938
41.453
62.418
75.764
74.719
57.363
84.654
38.077
31.479
88.858
76.770
88.406
70.288
77.145
46.189
70.522
17.412
57.284
68.573
86.615
86.572
47.130
50.756
50.756
86.739
52.025
51.282
64.604
87.916
78.103
78.103
74.404
74.386
57.053
34.108
47.130
47.130
84.171
79.220
57.248
26.167
88.099
49.532
88.763
68.714
86.087
79.683
32.828
68.891
59.466
47.130
47.130
74.011
74.011
62.541
62.076
29.208
29.208
29.208
54.426
69.451
89.476
89.842
79.039
78.876
29.315
22.810
61.544
63.563
86.739
60.909
38.806
86.282
79.175
54.379
82.379
19.780
33.699
29.332
70.781
61.772
55.830
47.617
63.844
69.932
73.313
86.739
60.651
60.729
61.979
76.138
66.466
36.065
72.241
71.108
45.496
74.297
59.427
64.711
26.390
63.457
41.018
69.867
89.493
43.027
48.104
49.438
43.732
43.732
43.732
62.791
63.685
21.680
17.092
60.699
42.760
71.355
87.735
35.553
35.553
83.927
68.951
46.682
41.679
56.804
53.800
74.834
48.872
48.872
50.950
48.681
71.080
13.409
86.530
80.488
51.975
73.867
53.530
72.636
54.395
54.641
75.624
85.027
80.370
81.713
84.081
67.730
88.370
89.424
76.853
41.964
46.845
73.867
45.936
71.198
72.636
72.636
61.522
77.325
75.930
63.506
88.674
84.946
71.233
70.048
62.787
53.024
80.133
60.443
34.104
85.300
74.221
74.221
67.465
65.521
64.421
45.810
72.869
40.276
71.502
70.048
78.377
48.823
77.237
53.024
69.008
29.583
27.726
68.638
42.929
42.929
74.221
76.242
48.300
89.863
25.156
75.151
85.905
62.290
54.038
32.539
44.527
25.671
48.126
65.462
52.815
37.612
31.486
63.836
42.929
42.929
72.786
69.264
52.183
76.041
45.133
37.160
28.915
46.498
43.211
66.616
35.804
35.804
42.796
63.362
45.699
20.095
72.786
62.925
27.895
76.882
35.255
46.525
46.525
85.820
69.729
66.081
48.081
89.496
86.090
84.705
35.804
36.589
36.265
61.847
76.789
60.251
74.421
56.498
50.146
50.146
87.020
70.490
71.656
89.438
77.205
67.181
44.634
45.989
21.093
64.358
70.353
69.142
45.516
79.934
58.280
37.772
64.319
65.055
64.938
57.957
81.662
21.928
51.380
83.474
75.281
18.869
47.973
49.124
52.079
56.978
41.593
49.744
71.045
61.073
86.144
86.036
47.213
71.825
65.158
65.173
65.173
30.849
63.173
44.166
30.531
32.386
15.836
68.027
82.026
88.340
88.160
63.228
64.830
64.981
68.087
86.719
85.814
85.814
61.104
70.473
31.944
83.467
61.338
85.834
81.241
72.424
64.171
71.905
70.221
84.217
58.070
49.016
50.018
57.720
46.225
53.022
32.492
61.785
73.657
75.694
61.193
86.232
52.692
47.249
72.747
7.669
59.950
57.547
75.988
47.472
85.356
77.421
75.292
68.860
72.612
37.543
39.739
66.284
88.261
85.263
22.221
44.678
77.701
24.092
40.142
85.356
85.356
43.004
85.250
61.094
56.969
74.019
75.337
74.469
82.675
39.495
74.753
21.388
71.864
38.795
38.795
84.142
71.902
71.298
39.921
39.921
39.495
30.929
88.580
42.734
75.295
86.300
69.738
59.697
55.620
39.921
61.352
61.352
71.409
80.230
21.397
83.245
57.221
83.244
59.383
73.339
64.664
54.153
59.295
59.295
83.868
83.716
80.558
19.534
26.368
61.005
21.397
34.944
58.672
65.705
89.217
66.319
47.147
79.104
55.008
43.603
45.632
15.710
65.578
19.188
20.659
53.430
86.872
24.856
24.856
24.856
52.330
64.212
29.924
33.840
81.793
64.826
34.086
52.720
72.113
16.014
28.445
46.453
61.639
28.665
33.024
34.650
5.177
77.990
66.434
62.154
85.033
46.453
67.982
57.226
77.321
67.220
67.416
72.006
46.137
89.732
46.017
57.544
77.339
74.162
52.982
24.400
58.646
73.319
74.895
53.593
57.312
85.259
80.816
37.018
68.349
80.262
74.554
63.421
22.683
82.454
45.844
85.259
35.897
66.045
65.037
65.037
5.471
78.061
69.878
54.966
87.549
65.261
69.504
85.235
3.069
54.741
69.652
76.775
64.975
57.615
89.866
51.810
69.442
65.060
82.701
82.701
66.045
69.199
70.056
52.526
76.545
76.596
88.343
54.952
70.872
66.269
32.382
87.568
87.710
78.067
71.320
56.120
60.089
88.343
37.134
82.819
41.110
89.408
78.264
67.325
88.052
38.890
87.024
87.024
30.334
52.774
30.815
32.253
86.651
83.183
83.183
83.702
55.603
54.355
65.849
21.370
88.501
89.710
83.555
65.890
63.726
86.651
76.083
88.271
55.877
56.111
67.236
73.010
39.511
57.344
22.972
35.114
49.572
23.341
26.207
45.540
59.600
26.862
55.847
43.372
83.325
59.189
53.089
29.258
29.258
29.258
67.673
86.468
70.545
68.122
44.807
88.701
26.862
55.458
46.024
51.403
85.730
70.963
77.887
11.549
3.892
3.892
3.892
78.579
69.732
77.335
56.264
41.352
80.376
66.699
82.639
22.526
34.092
34.195
75.829
89.271
86.808
64.548
65.060
87.172
85.600
67.403
80.375
65.299
65.299
66.798
75.829
75.829
89.271
57.164
56.185
37.865
42.003
79.254
88.932
70.759
49.487
86.469
50.603
78.646
56.683
61.658
56.605
84.599
59.395
55.989
77.301
50.309
69.734
57.146
65.535
87.027
56.683
1.990
54.820
84.325
76.975
53.966
21.184
35.335
35.335
66.787
46.960
69.759
60.686
69.187
58.158
54.820
75.982
64.578
37.046
31.234
31.234
73.517
73.517
89.213
47.929
44.881
40.498
73.661
58.158
58.158
83.994
68.194
27.773
62.741
54.502
58.332
62.752
80.890
75.961
68.849
44.996
74.973
70.498
58.103
74.769
46.312
68.773
41.546
46.096
62.554
43.124
44.909
44.410
57.645
57.955
29.318
72.254
49.245
64.872
51.894
23.567
36.882
38.422
42.927
42.927
30.819
57.217
38.759
64.866
48.778
78.446
62.235
45.721
86.138
27.152
54.326
51.605
76.498
87.933
49.753
14.565
80.113
51.777
43.486
85.377
77.699
77.232
51.777
52.309
62.243
82.434
58.889
69.735
32.020
84.484
80.100
82.622
48.741
58.889
56.682
85.733
74.680
37.544
59.352
29.313
77.944
40.357
82.622
23.424
42.112
66.784
82.878
15.775
40.209
40.266
64.900
29.089
71.004
82.622
79.926
63.095
16.519
16.519
23.450
15.016
29.089
1.641
5.178
40.989
40.989
76.193
69.709
85.562
67.157
67.157
40.989
53.209
67.125
72.047
64.124
85.285
50.724
68.120
40.842
36.498
59.714
60.157
63.342
63.342
63.342
11.548
43.264
56.227
61.925
73.385
70.820
15.238
78.347
30.117
85.285
74.290
68.120
59.991
63.342
51.620
45.144
45.144
36.129
36.129
37.455
33.337
55.049
46.073
27.854
76.905
87.343
22.580
21.853
25.240
76.171
35.835
86.100
15.303
89.982
85.757
36.623
57.950
81.245
26.223
29.832
87.159
89.487
86.091
89.225
41.987
53.023
34.609
16.384
81.463
36.171
42.900
27.499
82.995
25.606
28.178
72.877
78.031
77.627
48.280
80.987
59.076
45.054
28.788
63.759
68.684
48.507
73.706
56.244
69.601
62.052
40.372
68.313
69.239
89.056
54.632
79.710
21.522
86.433
7.988
80.993
89.217
89.723
88.615
41.342
51.425
78.651
25.737
25.737
25.737
77.991
70.697
78.873
78.873
75.766
62.845
80.723
79.282
69.765
51.367
51.192
65.741
74.767
38.297
54.326
54.326
62.587
62.794
69.491
59.336
76.545
57.334
72.656
84.526
82.309
65.960
73.417
12.961
12.856
54.326
54.326
82.799
70.289
34.784
81.064
74.810
37.312
76.045
89.147
82.684
72.194
14.431
49.015
11.673
22.724
85.232
89.045
7.818
50.886
50.509
57.334
88.388
15.758
18.429
20.522
51.852
22.724
22.724
22.724
58.498
22.926
61.002
27.375
72.725
72.256
15.719
34.103
34.103
63.244
84.066
68.058
63.571
65.751
52.061
30.110
40.047
55.028
89.437
41.654
71.447
52.036
40.693
46.859
66.756
82.647
55.728
16.117
16.117
17.945
32.508
78.389
73.880
43.190
80.306
81.504
13.697
55.728
64.435
65.629
15.060
87.938
81.469
81.469
66.947
52.134
49.232
46.335
40.577
8.067
9.449
9.449
79.019
62.650
62.650
66.965
70.922
62.647
62.647
62.779
65.516
65.182
40.189
75.094
27.627
70.885
55.437
55.437
60.998
22.936
45.374
52.960
71.916
80.631
46.600
35.078
80.437
16.840
53.056
41.977
74.583
64.570
32.567
46.600
64.268
65.791
66.182
28.002
84.314
43.226
47.134
78.658
18.233
76.696
30.171
52.310
69.927
79.387
66.182
55.940
80.319
31.988
83.146
48.423
47.134
49.240
30.171
43.018
65.068
86.933
78.456
80.808
42.007
77.031
71.374
68.692
28.989
18.564
21.872
44.146
62.860
79.932
47.470
83.048
86.164
43.623
84.041
41.152
24.577
67.281
71.695
54.680
69.447
27.795
54.074
40.682
45.986
61.145
55.798
47.348
47.683
34.466
12.374
4.708
77.783
72.130
72.130
54.572
45.260
56.379
26.571
80.836
55.914
55.914
21.688
40.634
57.983
58.942
43.873
13.210
68.755
68.755
73.977
76.352
46.567
85.353
40.234
55.914
36.910
70.984
40.763
44.664
68.737
87.500
80.586
55.914
38.849
47.035
15.576
56.881
78.870
41.283
82.254
67.844
88.051
72.080
72.802
65.556
56.382
50.268
28.319
12.028
17.408
70.883
81.251
55.485
28.426
52.038
50.473
22.859
69.357
45.524
68.227
9.905
36.946
36.946
34.076
27.403
43.414
67.373
66.495
58.751
17.855
88.962
69.357
34.004
51.422
89.195
45.943
72.359
80.471
14.078
70.751
70.717
57.956
89.453
69.766
70.751
70.751
85.076
50.081
46.813
67.975
43.382
65.121
10.217
79.912
83.718
65.539
33.576
68.012
52.073
31.468
38.669
70.332
82.635
88.288
57.131
63.755
73.684
83.814
77.015
34.183
68.801
52.031
72.747
29.262
55.218
50.308
59.158
81.661
83.219
87.335
86.755
36.793
23.235
44.461
44.461
65.141
65.526
56.456
72.161
13.604
48.065
23.397
61.652
72.992
83.089
78.390
54.629
76.541
66.641
80.680
60.999
45.449
48.044
47.169
79.172
80.646
46.982
23.764
63.566
80.136
81.145
60.999
60.999
41.541
40.666
82.107
58.043
83.290
41.931
78.360
64.075
56.919
23.692
56.843
63.850
87.692
87.134
58.167
64.075
23.692
63.116
66.301
28.677
61.960
31.954
31.954
83.226
71.740
78.855
53.184
31.490
43.678
17.374
51.767
76.816
33.575
85.737
83.226
83.218
76.915
89.125
75.276
75.276
35.702
36.236
41.127
16.573
33.135
30.795
83.385
83.385
66.604
34.262
34.246
70.467
70.018
35.702
14.480
80.689
80.976
37.337
14.895
83.228
83.385
83.385
37.663
84.212
57.272
60.375
84.842
8.466
79.496
14.865
59.474
36.263
36.263
37.663
87.437
79.496
85.036
85.517
67.636
69.705
81.782
54.804
79.496
82.766
78.752
75.747
72.019
84.974
61.384
69.705
72.304
52.932
67.842
67.842
67.842
80.689
62.966
77.819
61.996
65.145
46.546
73.928
83.144
56.226
64.191
66.568
45.795
35.237
68.731
88.316
71.312
70.089
38.108
56.976
48.798
87.097
89.309
86.153
89.578
75.490
77.846
71.312
81.539
70.089
70.089
70.089
70.089
59.855
1.575
8.806
39.355
61.814
75.219
68.071
85.375
3.857
79.447
68.071
69.141
55.701
62.471
81.288
35.139
82.868
70.325
75.779
45.893
35.683
79.447
68.071
68.071
68.071
67.245
70.635
76.754
76.168
74.838
55.762
62.320
85.834
72.692
86.758
34.218
37.931
87.253
35.637
12.616
19.974
72.692
65.533
89.973
72.702
51.976
73.373
34.553
72.149
66.451
65.246
68.719
20.588
74.037
59.771
76.101
4.306
9.410
16.880
59.664
59.664
78.679
74.129
70.438
65.747
62.328
66.670
66.670
55.476
87.789
78.660
31.548
44.412
66.670
59.188
70.177
59.782
62.328
64.140
66.083
75.235
37.047
22.512
86.391
85.125
38.256
81.097
76.993
63.207
66.396
87.111
37.315
68.956
35.656
19.994
19.994
24.201
29.504
71.100
57.086
73.945
28.442
80.563
71.509
71.185
77.260
32.978
43.680
84.547
71.799
75.367
66.681
56.343
67.370
54.369
32.302
83.199
63.300
33.720
75.147
65.628
58.146
69.418
74.513
77.371
56.119
67.036
50.407
28.332
63.046
61.568
66.645
84.751
84.751
59.973
84.517
42.642
76.168
89.780
89.780
89.780
72.741
48.169
48.169
89.780
76.048
51.335
51.399
42.494
18.970
18.970
74.415
27.911
62.978
82.253
84.148
49.395
28.511
43.188
76.213
72.258
35.791
32.529
75.690
78.734
15.265
69.766
79.409
15.265
15.265
26.488
75.065
84.650
28.503
51.110
61.840
89.452
77.700
76.977
16.411
62.115
55.654
67.261
72.833
65.182
30.880
55.637
87.860
71.461
65.182
32.905
65.182
80.178
64.532
34.877
80.178
66.373
30.092
79.428
89.087
37.441
81.927
78.599
82.131
72.093
50.382
33.801
31.125
31.125
75.158
31.514
36.581
80.559
