36.683
67.323
52.836
48.554
60.681
60.681
82.603
71.274
84.774
12.418
52.035
85.285
51.472
63.565
61.859
65.994
85.619
84.918
36.866
52.035
84.776
74.304
51.472
74.310
61.859
52.120
73.136
46.590
75.963
84.776
74.304
74.310
81.166
61.303
52.120
52.120
17.579
32.517
81.703
58.561
74.482
80.558
32.618
89.428
62.750
60.805
46.334
18.059
52.120
62.935
76.497
80.558
22.096
42.908
51.720
77.440
86.373
40.968
57.739
62.460
60.005
77.440
29.566
63.538
49.245
28.859
62.607
32.724
67.610
33.916
24.743
54.869
74.089
63.538
60.947
11.799
73.783
73.783
67.610
64.976
36.362
52.401
52.401
62.677
65.725
74.301
60.947
61.702
36.379
89.387
35.263
59.470
62.677
71.980
73.546
67.965
35.263
39.798
65.210
76.969
53.128
79.661
73.546
84.595
67.189
67.189
70.544
67.330
78.792
63.099
55.913
75.557
53.128
59.945
59.945
54.403
70.523
56.570
22.470
70.544
13.392
61.708
76.138
77.388
76.821
31.292
60.672
63.099
57.327
76.969
74.513
54.403
59.200
58.645
56.570
38.231
39.073
75.609
58.984
39.938
75.283
62.425
45.290
60.672
78.792
24.588
63.990
9.971
55.726
66.768
74.513
58.645
38.231
20.133
89.506
39.938
56.838
47.424
31.100
88.526
87.521
24.588
49.348
62.584
9.971
39.981
75.528
55.917
74.295
61.428
81.222
82.885
82.885
83.598
4.503
31.100
36.603
47.799
81.484
75.528
83.663
78.596
61.428
89.182
61.570
33.880
72.106
45.498
59.281
59.281
9.439
29.705
31.107
73.261
24.464
72.053
47.799
84.972
89.182
61.570
80.775
33.880
45.498
45.498
13.654
59.281
40.461
38.469
54.808
54.808
64.993
53.130
62.357
31.615
41.898
58.873
84.972
28.259
81.484
58.421
49.147
73.262
30.020
30.020
62.189
38.456
40.461
74.396
74.396
29.705
32.578
53.069
57.148
62.179
75.317
62.357
51.615
89.287
50.614
77.609
84.049
58.421
35.282
34.350
85.092
35.177
23.204
60.137
60.137
64.420
44.041
38.456
21.656
77.345
35.799
80.202
55.663
56.179
81.460
68.115
68.115
78.585
33.487
56.377
38.463
26.108
35.282
65.003
37.414
25.296
35.708
52.932
87.439
23.204
39.421
53.857
24.228
15.880
77.518
35.799
55.663
63.325
63.325
50.470
61.133
55.646
56.906
83.300
33.012
70.127
18.114
15.554
72.209
83.588
34.427
53.857
49.504
72.929
37.803
46.937
52.467
63.047
31.785
55.294
43.394
33.071
80.531
83.300
53.420
87.919
49.142
49.142
67.296
34.050
75.267
61.778
43.985
25.389
57.679
63.834
49.025
54.743
37.803
48.781
52.467
63.047
48.788
59.887
59.887
62.741
62.741
59.983
37.053
51.197
84.649
82.234
42.208
17.148
33.071
68.720
80.860
60.404
61.905
67.296
15.896
43.985
71.399
45.947
25.389
54.215
57.575
57.575
55.447
84.623
70.380
59.887
62.741
19.139
37.053
51.197
59.351
71.212
76.376
84.233
72.283
36.079
76.663
79.749
45.636
47.602
25.009
78.668
66.327
66.327
72.373
52.181
44.422
40.134
88.973
88.973
45.947
25.389
63.077
53.098
51.022
58.983
59.959
83.855
40.508
70.380
57.238
22.697
86.066
19.139
51.197
71.854
76.376
48.536
72.678
80.038
50.744
51.069
64.953
47.602
47.602
79.087
57.561
66.327
83.346
70.443
70.443
56.656
76.257
71.389
6.918
74.474
60.765
59.071
49.725
44.529
83.287
31.763
32.287
64.813
22.697
65.857
65.857
83.467
48.378
85.501
75.913
79.714
79.714
35.848
84.762
87.085
47.602
88.552
54.356
70.443
50.837
83.590
78.377
37.040
17.691
55.034
67.847
39.667
42.783
79.927
54.625
82.608
64.081
15.327
63.036
62.276
49.602
83.967
83.967
18.950
68.767
77.881
4.163
37.711
39.014
33.282
64.813
6.968
47.521
47.521
51.956
55.318
89.152
79.595
50.865
56.099
84.982
18.340
72.358
83.207
85.519
46.650
50.837
28.237
58.405
37.940
39.667
84.274
81.813
18.502
54.625
34.277
54.432
48.206
71.239
57.614
44.143
49.076
51.309
22.324
29.046
60.618
38.896
40.954
55.640
60.150
82.487
82.487
32.474
65.558
72.300
51.318
35.536
89.152
89.152
84.577
79.595
80.639
55.863
52.986
69.717
88.552
18.340
88.121
70.652
86.348
46.650
49.537
49.537
44.499
34.072
66.497
58.405
14.031
81.813
18.502
54.625
15.327
49.213
78.363
16.827
51.928
49.901
64.137
70.268
70.268
62.001
61.991
53.664
48.904
41.393
79.141
55.640
55.640
60.150
82.487
52.502
6.968
57.683
73.648
73.648
75.273
27.986
19.668
72.300
47.438
35.536
55.151
24.686
60.818
40.018
80.639
83.466
49.480
75.139
79.497
54.562
86.871
88.373
83.443
87.313
44.541
82.257
38.125
87.156
76.055
45.202
51.130
51.130
66.497
14.031
62.727
80.108
52.546
68.090
49.213
59.219
16.827
21.850
77.393
45.571
84.832
60.336
64.039
70.268
48.531
53.664
38.316
80.013
35.737
6.968
19.099
19.668
88.265
81.317
29.694
40.018
86.971
39.946
86.214
76.054
81.578
81.578
88.436
87.313
86.626
62.180
66.273
50.013
44.541
57.567
52.661
28.289
58.708
30.460
57.318
58.686
49.594
78.165
89.147
89.147
77.393
66.685
84.860
71.463
18.458
48.531
38.316
68.408
50.463
57.683
57.683
49.996
19.099
10.687
21.967
27.303
36.959
78.598
39.946
87.184
83.392
88.436
17.921
83.352
74.109
7.108
59.883
62.426
62.426
51.399
79.688
57.567
79.694
49.025
64.883
11.702
58.686
87.203
49.594
73.750
72.008
32.871
66.685
66.685
49.532
37.873
38.942
43.495
85.311
66.028
38.556
79.579
63.928
55.346
10.687
36.959
73.679
85.662
83.533
52.083
52.285
59.906
87.826
16.323
69.201
71.328
74.109
50.077
59.883
77.885
12.537
49.025
65.490
66.414
11.702
42.425
34.050
32.871
68.815
68.815
28.578
35.737
42.239
72.699
86.463
84.652
65.254
80.900
29.087
29.305
70.812
36.959
72.918
88.407
85.396
52.285
40.866
46.253
69.000
69.441
47.856
34.777
59.883
84.514
12.537
79.652
65.416
29.466
52.821
55.083
82.518
33.028
33.028
47.406
61.076
44.343
61.318
69.026
42.333
80.850
67.287
55.038
49.459
35.737
76.224
77.880
56.457
42.016
42.016
32.090
52.384
59.251
68.994
52.217
70.812
61.488
61.488
67.009
64.160
64.876
72.918
55.617
45.844
24.043
73.100
47.159
33.725
68.593
62.244
71.543
38.117
59.255
48.522
65.193
69.441
42.270
57.025
50.187
48.331
46.193
71.627
16.049
55.766
59.464
52.821
72.660
62.478
18.239
47.406
79.717
27.307
42.333
28.247
55.038
39.335
56.705
76.658
35.737
53.793
77.880
84.441
17.180
37.030
72.320
32.090
76.798
80.473
58.504
58.504
44.966
38.924
59.016
84.270
85.746
60.753
77.552
65.042
65.042
73.100
48.346
47.159
13.969
48.424
62.244
16.382
38.117
55.085
70.337
59.255
54.816
89.891
68.498
58.847
58.847
10.723
59.350
24.742
83.523
52.821
56.577
44.055
49.478
79.717
61.398
52.732
89.981
63.513
56.705
48.191
29.607
85.071
77.785
29.247
75.903
42.903
32.090
71.301
82.831
38.924
71.660
59.182
75.998
71.610
66.034
50.991
65.042
47.449
76.542
62.340
53.881
62.326
24.857
70.337
46.946
25.154
46.016
61.359
44.289
55.902
78.384
85.945
86.412
69.902
54.258
16.049
49.602
19.984
78.228
56.577
55.161
58.478
70.057
64.688
66.865
63.513
57.776
31.768
86.150
68.054
64.623
79.115
73.625
31.843
26.166
78.242
47.907
71.610
85.007
35.367
78.818
15.808
55.336
19.665
52.309
78.325
76.323
24.490
81.881
66.962
68.902
61.909
57.549
46.946
48.469
56.215
61.282
82.907
73.386
38.076
49.602
38.992
28.522
40.848
56.577
42.076
85.558
85.558
56.800
70.057
56.668
56.668
60.760
70.684
89.888
63.272
57.545
70.034
76.489
70.091
81.641
89.072
66.865
41.995
89.546
42.828
21.316
31.768
89.921
81.133
80.446
54.383
36.893
89.320
77.497
47.907
25.718
83.727
88.870
61.457
80.869
80.869
58.306
49.949
52.309
83.861
70.707
59.680
66.962
27.108
68.902
67.210
43.314
48.469
56.445
86.570
86.570
16.473
64.025
58.853
38.992
28.522
60.294
47.838
24.975
67.036
69.451
79.984
64.759
64.759
86.357
47.777
60.144
70.091
64.982
19.735
32.868
21.316
71.848
38.082
61.939
82.398
21.030
87.390
88.870
88.870
45.126
49.172
63.072
58.306
41.557
65.751
48.598
43.564
70.707
66.962
38.615
85.636
86.546
56.693
34.545
56.445
73.164
61.930
77.047
38.076
26.707
49.456
28.522
43.333
81.127
64.759
17.383
83.705
47.478
80.605
89.028
21.316
71.848
70.379
64.949
88.868
16.430
53.288
87.361
84.653
76.311
63.499
76.554
47.904
47.904
80.361
65.751
52.403
71.357
66.581
54.871
54.871
43.588
77.588
81.241
80.851
30.425
56.434
73.164
43.148
78.068
88.925
55.933
54.260
62.392
26.707
55.688
83.801
58.123
58.175
35.325
58.684
29.801
17.383
58.124
40.673
56.558
55.473
47.478
37.899
37.844
21.316
70.379
29.062
64.949
46.127
53.288
74.527
88.855
88.551
87.361
63.499
63.499
82.422
7.463
19.018
54.397
72.874
74.757
57.251
63.677
63.110
52.403
43.564
54.871
44.621
83.740
77.983
45.248
68.190
74.229
26.682
36.217
61.582
62.392
58.599
29.892
56.942
67.192
66.836
58.684
43.333
54.128
29.801
16.931
45.673
58.124
56.558
29.867
87.161
57.482
15.066
37.844
51.650
85.510
82.005
51.021
34.366
66.790
82.472
81.294
81.403
46.114
65.399
54.397
77.353
74.062
74.062
34.030
44.438
59.420
23.031
54.871
80.174
36.429
33.946
48.361
74.229
56.673
89.998
57.771
53.031
65.020
52.982
62.392
56.979
34.799
50.913
66.836
10.496
54.128
29.801
32.476
88.062
80.310
23.773
86.535
18.610
67.444
25.099
74.526
15.066
12.854
53.424
88.584
58.275
63.963
49.947
45.740
82.849
82.849
40.959
73.875
42.859
40.527
65.399
41.146
69.476
15.679
60.624
69.159
61.130
23.031
66.617
61.459
33.946
55.080
35.414
35.414
68.456
59.496
48.188
34.033
64.195
34.799
72.617
17.079
82.414
32.622
8.889
16.638
37.359
80.310
40.673
20.407
38.238
67.444
44.284
45.320
67.747
62.655
74.526
15.066
12.854
88.878
51.650
63.963
35.434
89.793
89.793
44.467
42.859
41.743
65.399
32.959
60.648
17.822
83.359
15.679
65.325
77.627
64.291
51.513
81.588
88.339
52.397
52.397
68.755
73.567
64.814
53.813
30.496
33.328
67.342
4.011
75.100
75.100
55.274
68.463
68.463
42.186
79.895
68.984
56.884
82.414
48.563
37.538
40.677
16.638
37.359
25.105
75.522
75.522
12.549
59.103
84.641
67.747
15.946
83.921
85.168
47.306
7.313
50.128
47.416
82.091
88.007
26.861
40.321
84.158
53.542
39.036
28.545
67.854
79.612
52.449
17.822
80.737
36.630
47.514
50.398
63.615
40.107
67.008
73.064
70.877
85.471
78.450
82.798
87.324
17.076
55.859
39.481
43.891
48.057
55.274
49.455
67.780
67.780
79.895
77.121
61.458
43.692
48.563
48.563
53.397
45.843
16.638
63.323
48.794
49.813
68.017
23.773
36.621
82.338
64.664
65.914
49.411
67.324
76.329
68.405
26.516
37.714
50.128
80.010
88.951
40.321
44.467
56.399
62.060
22.036
37.500
45.379
75.269
73.832
46.073
63.615
63.971
62.499
43.904
55.891
64.037
81.889
81.889
45.005
87.324
80.965
55.615
65.894
21.337
88.562
39.018
57.475
73.304
51.880
72.005
72.005
67.780
88.597
32.134
76.374
76.374
79.697
79.697
49.603
48.563
43.929
53.397
82.235
50.772
61.230
59.103
37.282
82.338
78.516
19.014
64.664
49.411
71.127
70.462
84.642
61.170
45.751
70.500
78.672
44.467
55.902
37.500
61.878
57.401
75.269
62.403
71.886
84.308
81.889
73.851
83.363
55.853
55.853
62.772
26.934
18.401
44.056
50.250
14.111
19.641
49.595
51.880
53.266
73.206
35.800
18.626
77.121
54.416
58.172
47.030
69.142
82.284
56.848
77.277
86.981
88.503
28.142
71.115
68.733
48.425
21.081
68.062
85.798
78.352
83.650
80.693
73.382
81.492
28.650
82.922
62.060
62.060
62.854
61.417
61.766
87.056
15.265
57.401
41.958
63.077
63.077
56.819
22.056
59.672
62.243
27.819
77.243
43.485
87.171
55.853
12.513
18.401
19.641
53.266
35.800
18.626
18.626
79.180
76.374
54.416
56.076
40.961
57.405
82.284
86.145
74.825
17.620
46.938
48.546
84.981
74.134
71.115
33.252
34.434
70.433
66.394
26.838
66.343
56.202
57.301
21.595
82.922
46.483
85.669
72.164
28.808
28.808
32.974
52.754
57.401
85.891
41.958
62.198
73.282
43.589
33.567
13.408
60.586
37.942
72.342
80.920
54.321
44.445
25.690
60.383
21.061
8.200
68.894
77.957
41.287
39.691
88.305
34.325
54.581
70.017
88.649
68.846
42.647
88.173
75.139
31.173
48.546
48.546
74.134
83.097
89.978
31.074
49.082
81.608
30.408
43.894
68.788
55.066
45.511
85.845
82.922
82.922
10.829
36.824
76.737
55.612
4.227
53.203
55.637
51.031
51.031
35.613
35.613
76.097
74.520
83.388
73.282
57.112
81.714
72.342
7.734
53.024
42.912
58.706
38.529
78.878
71.951
45.967
41.461
73.090
84.475
67.589
67.589
44.911
68.846
26.040
88.173
64.419
51.821
41.362
65.153
89.870
66.597
89.900
67.339
81.608
30.408
53.420
55.066
55.066
45.511
71.029
57.289
10.829
85.669
81.662
83.785
78.653
13.774
53.289
35.613
53.819
48.541
52.449
37.448
58.775
79.190
56.118
89.214
89.214
86.232
57.566
74.620
71.886
81.399
71.372
32.881
86.743
88.991
63.439
45.967
57.922
77.700
68.172
11.748
62.830
89.816
42.578
62.096
77.673
9.897
65.373
61.965
26.012
29.284
59.881
41.168
89.870
67.457
79.068
71.482
32.388
80.779
79.687
45.511
24.897
24.749
29.525
65.251
24.832
58.686
43.777
46.108
81.486
77.700
66.988
39.682
78.367
37.448
76.401
56.118
56.118
86.235
21.272
51.307
66.677
83.515
29.058
33.075
71.372
32.881
45.967
65.618
68.619
77.700
77.700
54.585
25.208
23.065
32.965
43.799
24.280
64.065
51.515
70.080
39.115
69.366
31.189
18.484
81.922
33.555
58.984
28.239
36.658
85.336
29.489
60.733
81.608
36.016
41.451
60.995
9.454
48.025
65.251
65.251
43.777
85.310
19.463
82.441
63.610
89.197
36.964
86.643
46.646
62.879
62.879
36.228
62.022
12.856
42.582
35.015
79.499
32.971
19.646
64.364
54.132
48.557
35.915
74.704
74.704
87.199
58.757
35.291
64.103
23.065
26.915
2.310
31.982
31.982
89.515
51.515
11.794
38.930
37.031
51.275
45.875
59.881
55.542
46.320
65.901
3.573
55.463
85.336
60.733
35.066
36.649
77.801
51.316
20.588
37.221
60.995
58.800
78.841
38.425
76.629
58.071
58.686
47.392
54.593
65.685
31.255
59.902
57.366
77.195
64.425
55.018
36.228
12.856
60.225
74.337
50.584
50.584
51.212
13.098
85.699
47.793
23.065
17.657
25.917
32.965
32.862
50.164
38.899
72.281
32.199
51.275
70.284
35.292
61.564
65.787
46.320
46.320
58.803
58.803
63.164
65.584
10.481
50.238
80.117
71.630
44.411
78.608
46.853
38.721
81.565
38.425
38.425
58.071
44.776
19.463
59.325
56.012
64.425
47.291
49.917
12.856
68.786
37.407
28.907
73.339
59.053
39.364
36.287
17.657
33.103
74.973
25.917
57.100
29.232
15.919
55.454
17.707
48.558
11.794
56.906
80.071
46.320
47.424
57.972
59.307
50.238
86.097
62.197
35.396
39.787
46.853
38.425
74.125
58.265
58.265
73.522
31.811
76.516
63.398
73.339
44.930
44.574
40.319
43.498
82.181
15.919
55.715
46.402
54.694
53.351
66.805
61.896
76.856
68.138
71.170
77.252
71.573
89.479
87.083
72.455
36.110
61.788
75.486
75.486
62.152
62.152
74.125
51.086
66.840
62.505
62.505
56.551
56.551
30.188
51.956
44.930
17.195
82.181
43.284
35.967
82.227
57.691
86.292
89.583
53.351
36.255
46.083
62.539
28.964
65.977
72.455
78.150
36.505
49.778
83.221
8.160
66.840
62.382
15.247
62.505
49.681
64.304
84.329
39.785
39.737
47.876
78.485
51.956
68.487
71.845
57.347
62.360
42.891
87.270
48.709
86.292
83.842
69.092
89.583
49.849
72.455
49.778
45.458
52.290
57.070
64.483
50.908
8.160
40.014
82.174
84.983
15.247
64.304
64.552
57.944
56.237
39.737
26.135
47.876
15.895
78.472
44.893
66.056
61.769
28.638
85.210
70.531
36.665
64.278
59.029
60.553
46.096
74.978
49.795
54.012
54.012
74.050
57.085
69.981
69.981
49.778
47.059
50.908
65.722
83.895
80.651
68.906
76.752
16.522
20.780
57.944
57.706
47.030
47.876
59.665
40.923
20.896
66.666
42.181
61.919
61.919
39.739
58.962
46.538
62.680
70.912
54.216
70.531
36.665
70.341
44.396
65.966
44.562
7.723
38.378
73.150
42.323
68.692
88.453
60.553
46.096
62.813
71.476
89.979
57.412
72.468
87.254
7.887
46.505
62.846
76.502
79.420
48.840
34.355
58.596
32.161
54.267
87.328
89.145
64.756
16.162
57.579
84.331
44.224
44.224
65.369
52.612
27.723
82.174
70.635
67.129
37.085
40.192
36.881
70.060
78.119
48.067
57.706
47.086
71.763
15.966
57.617
42.959
42.959
82.524
64.510
67.010
49.635
69.082
69.082
65.966
44.562
68.293
7.723
87.711
45.672
62.543
62.543
73.634
77.398
46.210
62.676
26.930
15.549
75.604
50.743
42.416
48.502
80.706
35.944
70.591
62.004
55.342
48.544
67.687
79.094
82.481
76.224
62.978
25.041
54.807
34.627
27.723
70.635
79.100
37.085
86.309
36.881
16.522
70.952
22.877
88.689
87.145
52.152
25.527
54.613
57.617
70.021
86.891
87.781
42.425
35.080
45.365
60.446
48.728
71.363
49.635
81.400
69.082
52.624
52.624
54.687
75.522
67.858
45.672
66.030
73.634
84.880
66.098
53.016
49.271
34.322
45.183
23.760
44.429
15.549
32.012
37.428
49.735
50.889
54.786
73.177
28.901
62.978
75.241
41.040
82.832
16.934
52.309
19.206
46.950
28.372
77.480
46.633
39.885
45.751
1.784
46.312
47.649
88.287
42.425
25.752
46.767
87.908
88.350
56.551
81.400
65.403
52.624
58.319
69.028
50.744
50.744
5.115
66.030
56.549
53.688
51.100
63.038
32.130
85.675
59.178
73.415
21.855
23.122
64.714
15.549
72.973
37.313
42.568
37.428
59.951
49.735
61.849
54.786
46.170
82.907
49.502
41.291
59.653
51.757
19.721
67.464
29.312
52.586
52.586
45.941
13.965
54.063
86.635
42.480
18.843
78.606
79.588
53.081
19.206
70.043
51.259
40.258
39.239
24.774
53.075
58.125
85.046
60.729
49.261
61.120
70.363
71.363
65.403
54.276
5.924
69.028
47.770
77.735
75.573
41.444
26.806
56.132
61.677
87.289
16.762
20.045
60.344
60.344
41.822
13.068
44.429
44.429
62.324
65.526
31.372
60.517
20.687
53.170
45.096
89.049
67.436
82.907
73.177
34.094
47.640
66.029
79.724
52.586
58.660
13.965
51.851
76.433
76.433
32.033
34.032
82.116
61.371
62.374
84.924
40.547
65.555
38.855
19.607
24.453
38.221
38.221
76.395
65.363
60.729
84.404
76.540
88.549
50.515
65.144
64.202
60.711
69.074
69.074
25.140
73.433
70.303
70.303
58.359
15.363
56.132
82.441
71.722
66.041
66.189
72.860
77.315
60.452
48.268
46.459
70.898
67.241
48.032
55.395
55.395
89.740
61.364
20.687
10.088
53.170
63.287
46.771
19.721
6.013
20.570
47.628
30.986
13.965
32.033
68.590
67.821
33.457
61.371
70.098
81.455
73.794
52.160
35.643
70.400
70.400
53.866
69.775
51.871
64.355
36.670
77.368
65.363
78.555
76.540
64.700
67.149
89.070
89.070
80.923
78.517
60.711
30.110
11.574
53.581
66.141
47.620
24.775
71.481
38.826
51.966
70.580
70.679
70.679
55.024
39.366
50.105
55.395
30.009
32.811
67.607
52.696
10.088
52.071
63.287
63.287
52.107
78.005
66.994
52.355
63.543
45.975
30.300
57.150
43.023
68.590
49.350
67.400
46.169
77.362
79.469
82.156
23.603
78.026
35.643
46.816
54.241
57.004
73.696
70.993
79.838
52.247
40.047
60.322
64.933
33.769
38.559
77.018
77.018
20.427
6.184
31.788
78.382
68.727
59.228
84.056
74.374
62.733
43.991
20.636
57.399
85.902
30.009
41.611
68.335
65.178
50.542
67.032
73.493
14.945
65.942
16.949
57.624
65.522
70.387
32.654
83.643
82.156
80.848
69.215
32.064
64.225
37.022
79.838
83.134
82.177
23.192
38.559
31.907
62.947
66.906
58.037
74.285
66.573
63.341
55.778
54.343
43.224
89.095
88.148
63.038
51.722
79.961
80.562
43.194
75.118
75.118
14.861
55.266
76.788
11.182
59.486
64.767
50.818
46.172
40.000
25.854
34.927
85.988
57.691
47.328
59.107
21.707
85.403
36.600
42.967
77.350
41.475
87.080
87.694
87.694
50.243
76.912
54.863
63.506
37.672
48.020
57.635
15.331
74.646
52.969
58.229
55.489
79.961
79.961
63.128
56.253
56.253
42.074
50.574
77.832
75.118
18.945
67.712
77.355
70.625
47.754
25.091
88.956
41.059
44.032
59.486
45.527
67.076
29.123
27.721
37.928
35.053
53.647
82.614
57.691
39.292
59.663
88.150
64.103
81.236
28.990
83.909
41.475
56.288
40.667
84.712
80.027
19.240
29.186
36.692
72.421
80.026
79.808
85.590
51.869
64.035
56.253
71.032
84.274
4.299
50.517
86.202
47.754
21.632
30.613
54.229
45.527
67.076
22.478
82.288
36.813
70.657
67.559
82.614
67.756
33.868
85.403
78.335
87.196
69.530
75.796
21.338
70.401
56.288
61.916
33.405
42.527
53.423
47.233
13.250
57.980
77.265
22.587
39.560
64.444
84.527
62.231
35.163
49.498
54.083
56.556
28.765
46.778
33.885
88.157
59.166
21.632
25.510
45.642
44.347
83.024
66.051
39.439
57.136
79.259
43.354
49.719
87.184
50.248
79.879
70.657
87.426
55.217
67.559
32.034
50.691
73.705
34.360
34.360
9.081
61.047
61.047
78.335
55.409
55.409
50.386
75.787
31.589
62.177
88.495
70.401
34.556
37.150
70.433
84.267
15.583
84.527
62.204
42.821
51.169
49.498
82.235
15.718
50.087
49.122
50.582
47.047
74.082
84.611
57.784
85.308
4.948
59.162
81.315
81.315
46.495
82.019
82.019
46.595
82.217
82.217
69.361
59.033
66.915
62.343
82.429
87.031
58.945
25.052
41.202
70.433
30.261
43.973
88.594
89.747
52.544
14.614
11.860
42.392
53.023
49.498
20.719
70.802
15.718
84.778
78.792
43.406
50.162
79.465
42.848
5.586
69.182
70.589
45.277
79.687
89.148
74.524
80.141
48.107
60.633
33.511
66.005
45.796
55.114
17.953
74.623
70.474
66.320
53.948
13.757
82.429
87.079
86.919
79.687
85.362
85.362
59.844
33.779
62.947
56.727
56.727
82.315
65.260
39.118
53.176
53.176
14.614
49.679
57.062
81.797
82.191
45.255
80.283
59.456
55.873
50.723
23.204
31.802
2.420
70.426
22.091
26.907
42.842
59.697
46.718
66.208
28.170
88.204
66.605
85.057
85.057
14.747
76.567
32.475
45.020
64.859
68.993
45.796
66.754
33.249
54.247
54.545
62.957
47.512
24.923
47.525
85.181
79.687
57.285
75.754
84.257
76.663
88.649
22.011
51.476
54.466
80.626
82.580
19.485
23.071
59.424
55.645
63.306
63.306
70.533
70.533
62.653
22.091
89.745
21.636
83.974
84.977
84.977
38.595
57.154
57.625
31.829
13.743
13.743
28.018
79.037
76.890
72.150
35.907
33.936
39.162
49.505
71.276
29.425
54.545
64.954
53.540
53.560
55.754
74.768
22.794
75.322
81.633
88.343
84.391
58.611
67.404
22.011
51.476
68.155
40.560
15.348
71.041
0.550
38.805
46.600
71.690
19.485
23.071
89.136
89.136
34.177
84.399
86.533
70.533
23.204
23.204
17.967
63.698
17.684
45.397
18.983
59.168
52.875
55.340
25.718
59.098
22.779
70.338
83.715
57.783
52.118
76.389
76.389
33.936
39.162
88.386
85.010
59.818
59.818
59.818
69.816
60.544
52.399
74.768
88.329
43.595
80.816
17.055
41.394
74.806
17.690
19.074
51.533
54.198
41.673
54.466
31.207
68.366
66.496
38.805
59.071
63.069
25.517
57.391
89.492
89.492
12.682
59.900
84.411
17.967
64.738
85.436
51.141
51.141
71.639
75.740
85.359
59.663
59.663
86.783
25.718
49.773
61.045
59.411
16.292
57.551
43.859
85.541
85.541
54.535
59.918
59.787
74.610
52.434
65.833
52.660
33.961
45.495
79.313
86.676
86.676
48.590
48.590
51.158
83.318
52.177
51.015
75.252
75.162
28.488
49.669
31.474
20.837
89.187
41.572
62.689
87.940
71.639
22.674
49.366
57.368
61.034
80.269
56.266
58.134
16.292
39.562
65.312
68.432
78.797
68.883
76.275
59.050
51.363
38.403
59.787
52.660
84.446
45.554
37.307
57.699
33.169
53.895
53.895
34.039
47.203
71.806
87.175
52.177
77.778
43.771
37.432
56.585
27.971
71.539
36.917
23.960
69.222
41.572
68.391
59.977
43.259
61.034
76.880
64.628
61.386
47.914
45.821
33.067
73.512
51.593
87.510
38.403
79.239
67.741
40.507
48.963
56.918
70.673
55.614
55.746
74.646
74.646
41.542
63.579
86.407
86.407
34.290
19.464
87.175
88.788
22.931
87.633
87.633
71.806
37.929
49.669
57.947
10.505
69.222
21.515
75.503
60.518
56.182
51.251
88.963
60.433
86.258
24.130
47.914
48.122
47.145
49.071
73.512
33.706
57.591
56.011
79.686
63.403
43.512
60.382
53.758
47.597
41.850
74.646
85.542
86.407
73.289
31.083
27.571
53.626
22.931
50.917
89.366
69.511
89.289
80.896
83.691
57.947
82.497
57.972
67.680
61.879
51.251
5.844
21.042
88.963
58.051
66.553
89.503
76.131
43.589
24.130
57.506
51.148
51.148
84.326
46.357
59.316
57.591
50.278
29.052
51.049
59.963
42.395
43.512
87.865
63.704
2.250
86.196
40.212
56.871
85.542
27.571
29.404
65.308
50.167
74.079
42.222
85.199
56.478
82.497
88.470
88.470
54.297
54.297
14.484
69.759
66.460
66.553
56.846
79.681
51.378
85.698
61.759
66.356
47.621
77.007
50.278
38.126
51.200
60.226
87.732
52.747
56.871
84.208
67.207
39.532
83.258
24.796
62.716
37.415
23.454
14.771
78.217
63.339
49.465
88.513
73.377
69.759
14.484
29.399
81.390
23.406
20.559
76.539
85.692
38.158
37.675
50.928
71.619
61.427
68.993
57.494
74.788
74.788
80.430
66.203
46.991
89.288
65.066
72.288
83.258
63.020
14.770
84.620
81.080
23.454
17.523
64.670
75.517
66.125
36.539
14.633
78.086
76.112
59.528
47.711
38.757
81.390
47.589
51.638
51.638
68.690
50.928
50.928
77.977
18.045
89.907
85.132
72.636
80.430
45.216
55.664
63.020
23.564
68.292
61.057
72.866
27.752
14.771
18.428
41.633
66.125
63.275
78.704
75.478
67.266
75.938
14.633
81.724
47.711
38.757
32.628
50.335
76.615
86.194
26.466
23.217
50.928
46.536
82.170
27.731
84.525
60.174
85.132
39.652
74.788
72.636
45.117
64.492
54.450
57.905
44.005
77.463
23.564
56.875
17.262
22.848
84.496
87.993
87.993
45.445
83.385
14.170
52.979
64.479
64.479
67.266
71.399
37.697
36.950
41.761
21.042
32.628
50.335
88.956
65.694
5.247
72.213
82.170
36.365
29.946
78.406
11.242
51.490
73.845
75.583
74.372
41.078
43.986
54.450
50.908
69.375
50.114
68.166
25.190
69.565
72.133
67.714
76.884
75.765
78.503
17.262
75.454
58.250
40.968
52.979
28.419
88.173
42.906
37.697
73.208
73.208
41.761
88.956
79.701
74.292
42.293
72.819
9.996
80.659
17.191
4.529
53.646
53.646
55.589
73.932
12.271
77.524
72.800
78.647
49.962
33.197
70.654
63.871
34.688
40.108
77.937
73.279
56.358
56.358
43.653
39.819
45.366
34.448
81.772
42.950
44.875
16.902
21.997
75.320
75.338
77.822
73.932
15.343
50.875
50.209
58.914
83.523
55.450
73.904
66.936
51.740
17.976
70.090
55.894
71.133
64.980
72.487
49.633
55.663
59.779
25.936
24.890
49.501
58.038
51.780
39.127
50.962
67.958
62.694
62.694
87.841
63.113
88.325
88.054
62.288
58.523
72.852
12.700
11.059
77.530
53.379
28.593
78.878
28.188
28.425
75.450
75.450
35.840
83.861
59.779
59.779
59.779
85.401
85.401
41.469
70.820
88.226
39.722
54.522
62.694
73.429
53.791
82.201
66.089
58.835
58.523
51.269
72.852
12.700
79.356
53.379
45.372
86.409
61.440
28.593
28.593
29.350
28.188
36.720
39.514
34.201
46.276
41.220
23.181
41.469
39.722
57.988
25.191
58.855
67.682
64.597
64.597
77.860
83.093
67.543
30.862
43.633
71.618
60.379
60.314
86.569
41.469
73.744
45.281
53.074
59.640
47.496
77.714
66.344
89.498
71.795
85.153
28.710
9.820
64.597
47.456
30.862
72.101
19.868
80.385
73.744
53.074
51.465
38.987
38.987
66.344
57.038
83.818
63.931
64.597
45.154
36.799
76.768
78.328
82.488
82.488
81.396
81.396
70.335
70.335
26.089
11.386
74.179
54.325
67.616
80.385
59.916
63.749
71.734
31.658
85.495
69.367
48.449
53.986
28.958
52.067
47.901
46.911
12.272
37.270
43.429
45.252
85.721
62.415
58.648
69.233
81.299
28.958
8.771
44.173
52.355
46.911
86.250
46.663
32.249
77.350
81.443
63.673
76.996
43.429
25.648
85.721
68.934
59.094
69.233
84.493
35.161
85.204
75.265
84.680
77.509
59.549
59.772
27.007
35.035
74.700
30.420
64.846
88.418
48.201
54.988
52.954
67.201
35.161
82.547
51.832
86.475
78.785
54.993
72.611
69.558
83.387
18.997
18.515
25.648
84.545
81.084
74.224
84.493
75.481
69.768
76.214
2.399
22.542
45.576
48.034
48.034
77.264
54.993
21.059
47.037
47.037
69.910
45.703
87.180
12.657
42.641
56.395
25.648
38.658
74.163
75.730
43.341
85.011
70.182
62.666
69.768
26.092
46.860
43.964
51.194
67.509
66.264
48.555
52.024
75.551
75.542
29.082
60.699
67.134
62.666
46.798
62.810
46.860
56.049
53.010
61.302
67.509
57.508
87.504
89.241
86.649
20.847
55.876
64.343
67.134
58.110
72.951
28.773
48.465
84.527
69.452
56.563
87.504
37.158
86.413
19.097
39.951
40.909
55.047
72.951
28.773
57.505
53.415
53.415
85.298
77.638
55.808
47.363
57.501
66.416
66.416
68.150
65.503
43.051
44.959
48.490
40.909
63.182
55.047
71.704
49.604
77.638
45.027
81.064
66.416
64.354
86.080
87.998
81.898
39.981
47.151
25.072
81.564
53.993
66.297
27.518
82.849
58.252
22.651
17.313
28.168
77.286
19.232
58.822
27.518
27.518
69.259
80.241
53.842
52.988
21.152
68.532
84.825
46.244
58.501
79.026
65.764
70.816
70.767
70.767
81.830
81.838
81.744
80.796
72.956
20.928
46.823
56.903
46.823
67.323
81.234
60.681
48.554
84.918
85.619
65.994
48.554
88.927
85.619
71.114
88.927
88.927
58.561
89.675
52.120
61.848
61.303
32.555
72.042
74.304
88.927
18.059
52.035
52.035
84.776
84.776
88.103
62.935
84.776
60.805
36.866
46.590
52.742
19.300
76.426
60.805
89.428
85.330
19.435
37.241
54.869
74.482
37.241
54.869
87.183
67.156
24.743
22.096
51.720
87.183
24.994
78.727
22.096
67.610
28.859
73.783
29.566
12.140
60.947
77.440
51.720
35.263
36.362
77.611
24.994
62.607
67.610
24.923
45.077
11.799
51.628
63.538
74.089
73.783
29.566
61.702
60.947
3.370
35.263
89.387
77.611
40.528
51.628
67.637
74.827
61.702
70.544
66.736
67.965
66.099
65.725
62.677
88.428
59.470
76.821
77.388
76.138
53.129
39.938
58.984
70.544
13.392
66.104
78.225
37.485
67.189
84.595
54.731
71.980
79.661
79.661
75.557
88.428
59.470
67.330
58.260
75.283
54.790
47.424
39.938
58.984
66.104
80.534
67.189
59.200
53.128
59.945
59.945
72.245
54.790
56.838
80.534
81.707
56.570
58.645
74.513
74.513
59.945
36.329
44.126
57.327
82.885
38.231
58.645
66.768
74.513
61.428
9.971
33.521
57.327
31.292
45.290
59.281
13.654
72.106
89.869
77.115
61.428
9.971
39.981
74.915
57.327
60.672
78.792
63.990
24.588
87.521
45.290
59.281
13.654
45.498
89.182
75.528
89.869
63.990
24.464
48.076
45.539
71.744
62.189
60.137
30.020
65.807
89.182
75.528
62.584
42.191
47.731
83.637
31.100
42.511
61.689
22.364
83.598
83.598
20.172
48.831
44.413
60.137
60.137
61.570
65.807
78.674
84.972
47.799
58.421
28.259
30.895
34.350
40.567
41.898
80.780
54.808
40.461
23.204
52.932
84.781
35.177
53.962
62.225
49.147
58.421
28.259
50.614
50.725
5.133
34.350
40.068
73.849
88.354
33.487
33.487
40.815
62.118
57.148
53.069
39.421
87.439
37.414
35.282
79.582
86.776
81.734
81.734
50.614
56.377
38.463
71.495
29.584
1.922
19.453
42.706
58.465
57.148
21.656
44.693
26.380
18.114
58.836
56.906
55.142
9.327
37.414
54.677
54.677
26.108
82.205
31.785
68.115
26.125
48.767
73.337
55.663
66.822
77.345
49.502
44.406
44.406
53.857
47.192
43.985
61.778
36.480
19.311
87.919
68.720
52.384
62.396
60.404
30.510
33.071
31.785
55.812
68.115
55.663
32.072
77.518
64.375
10.964
24.228
49.025
63.834
53.857
32.074
83.588
86.023
57.679
65.704
15.896
67.734
49.142
57.327
48.343
32.656
68.720
58.836
49.154
44.014
23.936
79.749
33.071
82.217
84.809
71.212
31.785
37.053
55.812
62.741
59.887
63.047
83.810
11.920
63.834
58.983
32.074
25.389
82.234
57.679
65.704
40.134
83.346
73.952
66.998
74.259
25.009
64.157
35.014
35.675
30.510
84.233
84.233
59.351
79.714
82.217
71.212
54.261
67.031
47.314
77.344
71.508
55.447
58.983
65.376
54.215
59.982
56.656
50.837
78.377
83.590
83.590
70.443
64.707
72.373
67.971
26.405
59.234
79.087
47.602
74.411
72.283
88.203
81.334
72.678
75.913
75.913
79.714
71.342
42.637
37.053
51.052
58.694
70.380
84.702
55.447
50.238
53.344
57.575
61.520
31.296
51.022
25.389
8.945
88.973
50.837
77.577
49.537
78.161
86.724
21.069
84.858
18.340
21.667
55.678
87.870
71.854
75.913
75.131
78.053
31.453
65.857
83.467
22.697
22.856
58.694
57.238
47.521
73.242
37.711
40.040
83.287
60.022
51.396
62.276
34.277
79.846
48.057
36.703
76.257
34.072
34.072
43.191
44.499
50.837
87.156
87.156
54.356
49.537
88.552
86.348
79.988
35.848
51.899
18.340
20.870
71.854
83.656
75.913
34.827
72.497
77.224
51.956
28.694
73.718
64.813
64.813
33.282
37.711
47.800
77.881
61.306
65.727
62.276
79.361
17.691
45.202
34.912
82.257
38.125
70.652
72.358
44.541
59.164
55.863
69.717
87.313
88.373
88.373
16.639
89.152
71.854
49.480
24.686
40.018
74.429
74.429
59.867
35.536
72.300
6.968
47.521
33.282
82.859
16.444
65.593
40.954
51.309
83.967
48.206
41.393
59.514
15.327
70.268
63.036
82.608
67.094
59.260
80.768
85.919
26.540
78.363
18.502
84.842
44.515
76.055
76.055
82.257
70.652
52.986
88.552
62.081
86.871
87.313
85.018
36.849
89.152
21.471
24.686
85.960
35.536
60.635
47.438
81.473
32.474
12.164
60.150
53.953
74.305
55.640
73.648
73.648
29.046
22.324
49.076
40.954
51.309
83.228
54.432
41.393
70.268
53.664
64.039
49.213
60.152
55.873
63.191
78.801
82.685
62.968
54.625
21.709
73.918
60.008
56.340
50.314
79.694
89.330
79.688
51.399
49.898
87.447
81.578
85.018
85.018
68.580
61.447
55.151
15.562
79.848
88.265
22.780
47.438
80.350
46.884
48.261
79.141
48.904
58.149
64.137
57.614
49.901
49.901
37.184
18.458
64.039
60.152
9.130
25.477
89.127
80.108
30.460
71.049
64.449
59.883
51.399
76.054
88.436
85.980
75.566
50.077
37.757
71.551
16.323
70.858
29.917
80.340
28.771
61.447
52.174
73.679
39.222
39.222
10.687
57.683
27.865
35.472
48.162
80.013
38.316
73.648
48.531
55.346
68.408
77.393
84.832
18.458
71.463
28.578
89.147
89.147
8.504
86.057
49.594
25.477
74.151
58.686
58.686
87.203
36.826
52.661
7.108
64.449
64.449
12.537
59.883
77.885
69.201
74.109
42.270
7.680
70.858
30.390
31.600
87.825
46.253
46.253
52.083
46.187
39.222
10.687
49.156
69.410
69.410
58.868
60.088
49.285
50.463
66.028
38.316
48.531
46.260
22.311
86.463
72.008
57.050
28.578
53.279
68.815
23.409
34.788
64.883
7.108
59.296
69.441
52.285
81.466
23.646
62.852
40.866
29.917
46.253
61.478
40.095
56.208
60.161
38.064
82.492
64.843
69.657
60.088
33.534
66.028
52.384
72.699
43.495
87.996
17.626
58.504
78.482
54.821
40.556
32.871
49.459
25.101
53.279
49.594
66.414
55.083
49.025
48.331
69.441
52.285
61.343
59.255
83.438
13.258
59.075
56.601
68.581
85.409
50.345
24.219
68.429
67.161
82.601
61.488
70.812
59.901
59.251
65.254
65.254
55.038
76.224
47.330
47.330
26.995
55.141
58.504
89.079
84.441
56.982
67.287
28.301
42.425
61.049
87.667
33.028
42.128
42.128
29.466
55.083
65.416
71.627
67.387
58.847
10.723
86.102
87.735
23.074
54.265
49.342
60.786
47.159
71.769
71.332
81.734
72.402
48.424
67.061
61.037
79.422
68.994
42.016
87.522
39.335
17.180
62.163
58.323
56.705
56.186
79.717
52.732
29.999
52.582
52.821
6.792
72.660
54.258
54.258
67.387
69.902
85.945
78.384
68.262
46.016
70.337
61.282
61.282
82.907
82.907
11.656
20.514
24.857
85.738
37.038
60.786
40.498
64.003
81.305
77.552
33.676
65.042
50.276
59.016
76.798
59.182
61.676
75.915
38.924
80.792
42.016
35.737
29.247
53.313
79.115
85.071
76.932
24.827
62.217
56.705
47.406
63.513
67.287
50.824
76.132
79.717
52.732
29.674
40.243
44.055
61.163
6.792
16.049
49.135
38.076
75.950
2.573
57.549
34.199
46.946
31.651
76.323
89.891
53.199
47.605
68.737
66.034
35.367
82.831
78.818
50.682
50.682
73.625
77.497
71.541
38.924
80.792
42.016
67.206
48.191
69.873
69.273
69.273
57.776
57.776
50.376
61.398
86.944
70.091
49.478
81.641
56.800
86.020
86.131
26.243
46.985
78.228
29.799
83.855
71.010
56.215
16.473
77.286
58.809
86.570
48.812
56.445
54.418
2.573
54.607
66.962
31.651
55.336
32.103
24.931
71.610
52.966
21.277
56.288
58.351
77.497
58.218
54.383
49.514
31.768
69.873
73.944
34.235
89.921
57.781
88.945
66.865
70.091
85.558
63.272
40.848
74.896
52.106
35.996
64.025
38.076
38.076
83.801
83.621
71.010
73.164
58.809
79.182
79.182
56.445
43.314
88.533
88.910
73.214
31.651
58.306
43.616
65.751
83.727
44.855
45.953
21.277
29.660
61.457
70.461
75.099
67.621
76.473
63.783
54.383
65.019
16.430
49.514
49.514
71.558
44.876
75.783
42.325
41.133
75.192
68.012
32.456
70.091
61.564
86.398
42.445
47.838
68.673
57.116
58.853
55.688
34.919
83.801
55.932
41.456
43.148
43.486
54.260
83.472
81.241
81.241
70.076
83.989
43.588
73.887
80.588
37.649
55.148
34.180
41.340
35.079
67.621
7.463
30.193
54.383
16.430
70.379
71.983
76.383
83.436
89.028
87.458
88.206
88.206
64.759
81.127
36.721
79.293
43.333
49.456
58.853
52.187
59.107
61.667
85.058
55.933
89.144
44.273
68.938
54.260
37.136
69.622
70.076
77.268
44.106
75.298
74.229
81.434
89.086
37.649
80.361
65.421
41.557
53.027
54.666
42.802
42.802
31.355
54.397
87.705
78.640
7.463
87.361
88.551
53.288
50.686
37.844
37.899
52.153
69.876
54.311
89.406
87.035
56.558
61.315
53.327
25.099
36.721
58.684
43.333
35.325
58.123
55.865
56.979
57.734
75.654
63.677
89.537
74.062
34.030
81.538
56.620
54.397
82.866
45.491
87.705
35.079
79.058
82.472
86.801
81.294
81.294
85.664
24.253
48.251
85.910
68.736
51.650
29.867
25.099
51.111
66.836
58.684
43.333
74.167
57.390
34.033
64.615
69.602
4.011
50.645
43.564
67.342
46.521
34.860
76.684
69.476
47.514
45.491
45.491
49.965
41.146
17.822
40.959
71.187
82.924
70.760
67.831
36.924
24.253
51.021
82.173
37.844
10.648
81.662
51.650
44.483
18.610
29.867
67.747
67.747
25.099
27.321
51.111
51.111
37.359
66.836
10.496
68.463
88.417
4.011
43.891
71.330
35.438
63.629
64.814
63.229
52.023
87.121
23.031
22.182
59.496
86.322
39.925
51.513
65.325
54.377
40.350
47.514
25.885
87.663
17.822
28.903
35.434
70.919
67.831
71.344
12.854
15.115
86.389
86.535
86.535
20.407
32.941
40.673
67.747
84.641
32.476
8.889
37.359
54.170
45.984
17.079
72.617
72.617
67.624
49.455
67.786
37.363
29.321
40.349
28.689
27.239
62.637
62.637
4.340
42.885
27.332
71.541
34.969
36.630
54.409
29.592
47.721
70.481
84.158
72.003
71.437
86.812
57.273
87.474
67.444
47.306
59.103
70.961
41.065
84.641
68.009
19.762
37.538
68.984
45.984
45.984
42.186
67.624
51.880
48.057
80.058
10.196
40.236
60.736
17.076
57.475
32.947
28.689
62.499
50.250
80.031
43.863
46.555
27.332
60.909
54.409
54.409
50.843
57.837
50.105
28.545
52.221
45.732
46.144
39.707
37.500
40.321
72.598
57.273
40.653
80.605
79.424
83.016
52.193
41.325
72.968
41.065
50.334
68.569
84.526
49.411
52.822
79.895
36.621
73.901
84.203
9.416
56.143
80.384
43.692
45.984
45.984
30.203
51.880
80.965
19.641
14.111
35.097
44.056
26.934
21.445
73.851
73.851
45.675
67.858
61.254
49.322
49.322
84.347
82.480
19.493
85.612
46.144
62.854
39.707
37.500
87.056
55.902
28.650
56.202
27.063
84.642
69.185
70.433
53.397
74.222
87.513
54.085
19.014
49.080
72.675
72.675
47.664
83.281
41.538
21.367
73.919
72.005
26.981
44.445
55.853
64.501
62.772
57.475
18.381
83.363
38.699
62.243
43.485
70.949
33.567
59.453
72.571
89.702
73.148
83.086
47.956
53.315
62.854
26.696
61.448
73.382
56.202
68.062
42.396
89.472
89.053
69.448
73.505
45.398
49.987
49.943
49.959
51.989
86.597
15.784
82.235
52.249
52.249
47.664
15.708
35.800
79.696
53.266
48.673
8.200
46.732
51.160
84.347
66.418
43.284
60.383
60.383
54.321
53.750
70.967
75.650
75.650
76.360
23.507
53.024
38.529
7.734
60.244
60.244
31.300
55.531
79.597
86.814
61.997
45.700
43.694
46.483
85.669
85.669
84.360
55.612
56.202
67.988
66.394
70.759
36.290
31.740
70.948
84.981
88.643
43.617
58.172
86.390
82.284
17.620
89.589
47.030
59.784
61.218
31.252
31.252
61.066
89.226
79.696
53.266
28.171
41.461
68.894
68.098
46.732
46.732
44.445
80.898
64.501
48.965
69.507
74.546
74.055
37.942
83.388
83.388
38.529
18.303
65.993
46.712
31.300
35.842
84.137
76.097
76.097
74.520
49.282
54.120
41.173
75.425
18.935
82.922
44.816
85.845
84.360
26.838
65.005
31.740
51.096
59.167
74.028
80.765
30.065
34.339
86.597
54.581
68.846
79.180
68.894
33.075
45.967
88.991
88.991
42.912
32.881
71.372
50.362
86.232
85.306
70.061
79.713
51.307
51.449
83.388
47.109
64.744
65.993
83.785
46.646
36.727
87.241
1.217
87.009
74.520
82.127
24.980
29.625
85.934
85.669
55.066
84.360
89.550
58.559
81.608
27.918
24.897
16.747
67.339
49.750
87.387
30.221
55.367
51.821
46.752
88.305
84.475
61.965
30.305
80.973
73.090
71.436
77.700
77.700
45.967
88.991
68.619
71.372
79.190
20.011
37.448
21.272
35.124
64.648
23.334
46.883
46.646
75.487
29.166
23.715
36.964
57.289
66.988
84.065
66.924
81.662
78.046
85.377
24.980
42.682
79.846
10.829
62.614
81.486
39.556
82.775
82.775
33.037
86.025
58.559
45.511
80.831
60.995
12.544
67.457
78.296
37.685
71.482
46.175
59.881
58.984
46.752
17.307
27.887
51.493
34.017
77.673
36.346
40.785
64.337
59.839
41.706
11.748
68.172
68.172
37.633
47.793
35.015
48.557
64.364
70.061
70.061
19.932
42.582
36.228
58.787
65.098
64.549
59.197
62.022
46.646
73.069
43.777
78.103
58.768
78.046
36.743
55.946
45.959
77.938
48.096
22.486
32.076
33.037
24.749
32.843
70.162
37.685
36.355
81.922
35.705
67.614
69.366
58.984
58.984
24.129
46.752
89.816
58.510
24.280
70.080
36.346
29.312
29.312
11.748
54.585
72.613
63.144
32.536
63.288
59.929
36.228
88.716
66.163
53.478
59.197
62.022
59.902
64.831
27.810
32.064
45.959
37.688
54.593
85.762
48.096
70.908
56.960
64.103
24.704
58.800
58.999
50.036
36.649
65.563
45.875
40.069
84.623
35.292
67.614
11.794
73.007
37.031
69.652
35.588
70.377
48.666
65.580
50.395
46.793
29.312
89.515
76.832
40.325
54.585
42.223
45.128
21.087
39.819
73.595
89.669
36.738
33.040
56.464
70.535
73.869
24.608
32.064
17.422
30.109
47.957
60.087
23.228
70.908
70.908
60.995
83.242
28.534
83.873
58.185
48.023
86.133
82.306
51.018
50.238
46.763
62.911
80.117
40.069
35.292
61.564
45.986
63.164
27.037
55.015
73.007
72.281
32.199
77.442
57.778
42.972
78.946
25.917
89.132
17.657
41.653
41.498
78.436
58.309
63.357
50.713
89.315
89.315
11.135
70.535
73.869
30.061
47.957
40.659
52.141
69.659
32.385
83.873
46.853
65.379
48.023
35.396
61.285
25.209
60.566
64.091
57.972
43.119
77.252
70.284
55.664
18.774
55.454
17.707
48.852
15.919
57.778
61.183
61.183
55.715
74.973
74.973
40.319
88.216
87.860
60.659
52.849
65.172
43.498
59.053
78.436
39.819
43.951
57.527
16.367
39.323
39.323
11.135
65.614
30.061
47.957
71.176
49.455
65.690
32.046
84.620
75.012
78.029
49.840
50.238
31.010
32.516
54.353
42.484
76.701
57.972
61.564
86.888
76.488
19.616
70.284
62.539
81.684
53.484
55.481
55.449
55.123
51.606
55.715
55.486
32.454
29.232
81.965
82.181
37.730
69.259
54.216
45.926
76.874
69.796
69.796
49.833
77.539
89.425
85.067
20.241
39.323
35.985
70.486
37.132
51.148
60.344
84.195
38.824
20.751
73.189
59.144
41.410
87.816
83.580
61.250
42.684
62.850
44.500
80.261
61.564
14.680
66.815
72.420
80.423
89.583
54.694
57.453
55.481
88.766
53.351
89.078
87.270
57.691
52.803
20.508
54.620
43.284
55.083
17.195
37.730
86.320
67.010
76.117
77.335
73.739
42.181
77.539
89.425
85.067
20.896
35.985
25.680
35.786
33.977
57.267
38.824
72.543
69.939
73.189
77.349
89.448
18.781
14.434
45.133
79.900
79.900
10.387
54.931
63.174
81.301
85.875
85.583
34.969
20.982
14.680
86.306
89.583
18.774
55.481
85.584
26.385
69.092
88.510
55.486
80.413
81.000
71.441
17.195
54.216
62.208
64.510
48.214
42.181
72.374
72.374
25.680
4.945
82.570
25.318
70.178
72.727
89.448
18.781
10.387
31.916
63.174
63.174
64.432
85.583
7.887
62.120
48.304
33.781
47.429
36.665
43.220
70.341
49.635
81.980
77.335
57.617
70.030
47.390
68.999
63.578
58.455
51.187
16.522
61.204
83.895
46.841
65.369
60.940
84.062
61.162
36.881
67.129
67.129
52.446
76.811
70.635
76.944
37.085
72.293
44.224
47.468
53.890
55.574
54.267
34.355
37.444
85.583
56.831
65.115
80.007
62.094
7.887
7.887
87.822
71.476
77.995
55.786
73.395
81.909
44.562
55.444
55.444
87.037
20.885
21.455
33.593
60.865
7.723
88.875
61.427
49.635
61.919
71.363
60.446
71.881
87.071
46.249
54.613
57.617
47.824
67.210
88.689
52.152
59.242
47.030
53.122
43.605
42.601
44.264
50.136
49.049
62.119
86.309
87.662
82.832
78.812
50.653
36.881
54.807
37.085
49.163
66.663
38.139
79.742
62.658
75.807
68.716
80.706
40.377
56.831
53.473
55.342
50.743
67.636
43.863
60.853
68.692
46.210
34.103
34.128
62.543
65.588
87.037
87.037
57.819
7.723
56.549
64.660
28.040
39.674
35.140
69.082
89.973
88.350
87.908
46.249
42.425
25.752
88.287
56.264
65.675
84.846
48.550
67.210
59.508
44.334
62.920
88.043
54.158
52.251
12.653
85.294
74.148
46.950
46.950
16.910
87.662
75.954
80.660
86.635
75.241
47.297
73.177
83.904
59.205
49.163
43.992
29.834
52.723
15.665
79.742
48.502
69.117
41.493
60.016
32.161
76.001
26.324
63.302
44.337
32.405
25.311
73.634
50.565
53.016
45.183
63.635
38.416
22.836
47.164
14.340
88.601
14.737
87.988
60.563
56.549
81.400
35.140
82.876
63.428
61.120
70.363
49.346
76.640
48.382
47.842
88.449
54.158
75.563
25.953
38.033
61.459
18.843
82.985
52.412
27.230
16.934
22.749
52.586
84.937
84.937
89.289
77.072
58.003
16.140
41.291
67.278
83.935
50.889
59.951
41.493
12.415
60.016
54.786
54.786
71.499
35.544
55.434
72.973
25.311
8.235
7.667
69.145
16.762
85.675
14.340
50.744
42.232
69.028
69.028
38.286
87.256
79.586
81.400
65.144
59.328
83.546
63.428
50.515
76.540
44.277
34.686
86.108
30.975
76.753
24.453
47.842
89.291
61.371
45.339
45.339
82.594
77.788
48.737
60.420
42.955
69.775
41.703
79.588
84.937
81.069
59.680
25.739
45.499
43.677
64.860
82.907
89.261
35.421
77.615
77.615
64.280
53.285
26.324
54.048
42.309
64.844
65.526
38.812
60.344
54.859
13.068
41.822
64.876
21.869
54.314
23.517
85.675
85.675
31.319
53.244
41.444
27.188
51.296
49.756
78.062
28.921
85.023
50.515
76.540
67.149
67.357
21.551
28.863
81.455
65.363
61.024
70.400
89.291
54.731
64.355
71.745
89.253
53.941
42.955
59.384
69.775
69.775
62.374
3.512
46.771
57.628
60.117
13.965
59.680
9.423
88.537
47.589
68.042
59.428
9.508
35.421
77.615
16.528
78.835
78.835
34.320
77.315
30.512
61.364
61.364
48.268
22.774
85.747
29.619
15.363
23.517
28.078
51.928
71.481
45.471
78.382
73.433
82.587
62.234
42.620
70.303
47.028
14.252
24.183
21.176
25.140
81.302
79.838
54.304
31.423
73.696
73.696
69.548
65.493
64.700
46.816
77.264
82.077
35.643
83.116
46.169
62.374
31.014
58.381
79.469
55.737
40.329
68.042
66.994
56.367
53.893
34.243
36.619
89.740
78.835
42.691
50.105
39.366
84.505
70.679
75.034
51.966
74.465
62.234
75.785
60.711
85.013
43.970
20.427
66.141
66.141
66.503
78.517
80.923
87.322
89.070
79.838
64.225
33.720
48.206
80.848
65.493
82.156
12.993
65.414
69.215
83.643
35.392
58.114
60.285
14.343
54.305
67.420
50.415
85.877
69.871
66.957
57.745
57.624
62.374
32.654
63.962
88.177
55.737
69.456
36.730
36.762
88.537
88.537
58.832
58.832
29.320
87.747
43.194
79.856
87.709
44.411
49.069
57.399
61.040
58.231
80.537
20.636
87.658
74.374
61.685
62.225
62.225
55.286
52.488
14.997
34.033
66.587
78.382
29.531
18.057
77.018
38.336
20.427
33.769
55.569
77.350
33.523
59.107
14.945
85.988
47.328
36.600
38.384
14.343
60.848
23.603
29.157
64.767
46.172
64.964
25.854
42.291
54.876
59.486
15.570
32.010
79.961
41.044
60.892
58.437
50.580
68.413
72.093
87.290
89.095
57.635
57.635
33.624
53.147
66.573
65.949
33.498
34.033
52.339
73.685
83.865
83.134
40.722
41.349
83.909
55.569
74.156
25.379
52.348
14.945
17.570
31.229
16.258
71.070
35.053
81.257
5.728
78.734
20.537
37.587
57.633
60.047
89.199
32.383
39.569
56.569
64.365
54.916
42.074
17.879
60.865
64.035
86.441
43.224
78.083
56.065
80.604
72.185
53.147
23.191
54.863
47.339
87.694
87.694
20.316
70.988
83.909
79.626
28.990
61.340
56.246
67.559
34.256
63.128
53.647
53.647
21.586
11.307
78.734
75.989
79.259
26.697
37.587
61.646
87.687
89.395
79.112
84.274
16.262
36.886
56.745
21.996
79.326
56.253
17.879
74.244
48.747
48.072
51.869
64.035
80.026
79.808
19.240
29.186
59.858
80.027
35.629
84.712
84.712
50.386
88.495
62.177
75.787
50.447
57.559
61.047
85.022
43.809
9.081
50.691
63.114
34.306
50.248
60.315
55.217
32.034
41.417
45.277
40.183
79.879
79.259
66.477
26.697
68.453
63.170
87.047
89.199
33.885
16.262
79.281
33.904
83.024
83.346
81.604
79.326
17.879
64.035
76.820
35.163
81.567
74.731
79.808
84.527
57.980
64.444
55.706
53.423
54.010
47.487
84.712
87.069
87.031
62.177
59.033
17.953
69.361
66.320
66.915
2.013
84.302
83.496
38.575
55.217
35.259
89.353
63.520
26.300
28.145
79.879
79.879
66.477
66.477
59.162
34.805
45.505
84.611
33.885
16.262
72.136
68.643
24.763
17.432
84.803
74.731
48.210
84.267
35.039
70.433
64.444
34.941
73.036
73.036
87.079
86.866
74.623
33.249
66.320
66.005
69.377
53.948
51.566
14.747
60.633
78.619
84.901
48.107
85.230
66.605
64.508
76.284
71.736
56.034
57.784
42.848
68.764
77.203
50.723
68.461
31.054
49.498
11.860
42.392
42.392
70.802
76.614
53.023
30.261
48.210
14.614
41.202
89.747
89.861
68.388
55.754
54.247
72.897
86.709
33.249
54.545
53.495
85.057
66.754
64.859
45.796
63.590
33.659
6.847
28.018
35.907
45.020
13.743
76.567
26.907
71.736
66.027
59.697
61.124
73.364
79.588
82.430
70.426
78.668
23.071
87.252
88.859
58.079
49.679
60.161
57.062
69.031
53.023
14.614
5.411
73.560
51.471
57.285
59.844
59.844
53.878
85.362
34.659
33.335
53.540
54.545
64.954
69.377
55.565
66.754
4.536
56.053
56.053
57.783
79.037
76.567
58.689
77.386
84.977
64.134
74.229
63.306
73.364
51.918
73.083
45.127
73.902
78.668
23.071
82.580
27.222
80.626
61.750
69.031
69.031
22.011
71.041
40.560
51.087
16.236
81.771
83.835
73.560
65.509
57.351
54.198
54.198
62.947
85.181
33.335
38.035
62.155
47.290
59.818
53.620
33.433
69.816
65.267
46.827
85.010
88.386
84.181
87.938
76.389
71.319
88.727
83.715
83.715
58.580
22.779
59.098
43.375
51.918
51.141
73.083
34.177
78.219
84.583
39.207
73.902
68.385
62.478
44.262
40.744
52.855
85.664
71.041
71.041
46.397
67.404
51.476
58.611
88.343
73.560
84.391
76.765
72.828
54.198
22.794
33.170
38.035
52.399
65.833
50.916
69.745
63.959
74.610
79.314
66.132
55.693
59.918
57.551
84.181
25.718
78.290
52.118
59.663
15.480
50.180
63.698
43.375
51.141
12.682
82.311
4.511
36.920
78.853
67.199
54.466
67.404
51.158
41.673
88.343
33.185
41.394
30.207
51.533
51.533
67.032
54.198
33.961
24.076
52.660
78.797
68.432
74.610
56.690
66.132
55.693
59.918
45.821
38.403
79.133
84.181
57.497
57.497
76.437
32.444
22.944
83.117
45.149
71.640
71.640
3.426
71.639
82.452
58.428
52.852
54.567
62.689
43.375
22.674
51.141
89.380
71.557
89.187
4.511
61.408
61.910
42.921
21.645
28.488
57.391
42.183
42.268
42.268
52.177
54.946
43.696
83.318
62.408
30.028
51.533
65.395
79.313
13.870
57.591
56.918
57.482
38.740
59.313
78.219
87.510
87.510
47.577
88.929
33.067
32.444
35.110
58.622
89.117
3.426
43.259
53.454
80.639
22.674
66.887
61.910
57.391
52.177
69.068
56.585
51.015
69.132
35.056
84.658
78.656
78.656
72.482
87.175
33.169
70.673
45.554
79.313
13.870
57.591
59.963
56.918
62.377
24.636
56.011
33.706
89.804
24.130
26.631
35.760
88.963
48.939
51.251
59.977
60.433
32.413
21.515
60.518
80.639
69.253
25.079
25.079
71.539
70.541
71.806
87.633
69.068
56.585
69.132
74.646
41.724
33.198
41.843
34.290
87.175
71.806
70.091
41.850
70.456
5.131
46.181
59.963
43.512
42.395
55.849
41.770
41.705
66.831
33.067
5.844
36.198
54.492
47.687
76.131
67.978
56.182
55.292
66.441
82.285
46.347
57.947
69.253
80.896
69.511
61.543
71.806
87.633
27.571
22.931
87.033
66.862
56.829
70.091
75.922
47.503
47.503
70.456
5.131
40.212
60.382
61.732
57.494
87.732
35.607
66.356
50.278
50.137
50.137
59.316
85.698
83.883
42.178
78.377
66.460
25.642
80.383
76.230
80.200
20.766
80.792
70.187
68.083
63.259
70.691
64.670
54.297
56.182
55.292
70.742
60.702
74.079
25.344
62.716
50.167
65.308
27.571
59.781
10.587
60.006
35.238
85.542
86.196
63.704
63.704
2.250
18.263
78.360
62.946
56.995
74.788
42.081
68.993
59.132
85.692
88.941
61.096
71.619
73.688
9.530
69.480
69.480
76.539
67.801
22.670
49.465
59.426
36.539
53.981
42.441
62.716
24.796
67.207
29.404
84.208
46.533
56.871
55.787
61.884
2.250
27.731
13.064
85.132
22.676
50.928
7.567
51.638
47.711
9.211
39.687
66.125
73.377
59.528
36.539
55.739
14.771
51.371
23.454
81.080
14.770
24.796
72.288
35.402
89.288
37.755
67.296
47.503
80.220
45.117
68.622
72.636
61.573
39.652
26.576
32.628
7.567
21.042
41.761
47.711
78.223
76.615
34.659
57.411
87.216
49.693
62.005
67.266
16.210
13.061
89.022
41.633
48.622
58.093
80.859
76.855
23.564
14.770
83.258
56.954
68.822
64.492
78.638
51.490
43.646
6.543
50.358
47.108
7.567
36.365
82.170
57.411
28.065
71.399
27.475
76.349
52.979
54.629
62.323
26.657
84.496
64.348
23.564
80.610
49.305
56.954
54.450
57.905
12.271
72.800
55.589
50.099
75.583
72.819
75.220
79.701
77.914
74.292
37.697
82.170
63.024
28.065
50.444
85.548
42.408
51.718
36.950
39.819
88.240
80.549
14.170
78.503
83.385
50.854
75.765
39.775
63.871
72.133
70.705
69.375
20.869
55.653
87.937
12.271
78.647
58.523
77.524
75.590
75.338
72.819
38.052
76.643
42.293
42.436
47.136
34.448
28.065
42.950
36.424
60.504
45.366
43.653
36.950
76.742
75.169
56.358
73.279
87.628
62.896
64.980
43.537
68.196
34.688
63.871
52.946
52.946
66.878
33.197
70.654
48.459
77.530
49.695
89.384
56.096
56.932
77.524
23.370
57.268
40.125
67.499
14.962
68.463
75.162
60.782
47.136
88.325
41.469
44.914
76.568
49.501
70.220
87.841
87.841
21.997
66.978
79.683
23.655
8.073
82.302
63.661
56.358
72.487
71.133
55.894
46.966
46.966
70.090
66.936
76.014
66.878
70.654
44.225
83.523
85.035
45.372
53.379
57.268
71.365
72.852
25.191
60.782
47.136
75.320
83.020
69.062
67.964
76.568
63.113
63.113
54.089
87.841
50.566
13.480
83.861
73.429
75.450
35.350
71.753
28.317
78.878
70.090
51.740
55.450
52.545
64.597
45.372
79.356
89.695
54.814
54.814
66.089
39.722
54.522
57.610
77.991
53.736
46.276
10.381
71.618
28.273
85.754
21.844
68.196
26.738
35.957
86.409
45.154
9.820
51.092
86.939
67.682
71.795
66.344
50.947
58.855
41.410
86.569
41.220
49.432
72.218
10.381
19.868
60.379
69.844
30.862
76.074
82.865
51.740
83.093
83.093
77.860
51.831
61.440
48.449
45.154
9.820
74.991
74.991
73.730
29.520
85.153
57.886
50.947
59.646
89.498
34.516
10.793
67.868
42.297
42.297
53.074
53.074
67.616
40.424
80.385
11.386
54.325
68.327
75.169
19.868
26.203
69.733
71.530
12.386
54.734
36.799
47.456
42.095
69.367
83.818
5.888
31.658
50.947
35.303
71.734
63.749
11.386
43.865
70.335
21.027
85.803
35.270
74.329
62.415
43.429
69.367
27.198
5.888
44.014
71.734
85.697
63.749
42.504
86.250
36.126
42.396
43.865
43.212
53.986
28.958
78.328
52.241
21.905
49.810
59.094
62.415
85.721
83.387
27.007
46.663
83.451
52.275
52.275
87.036
52.355
76.988
43.212
28.958
52.241
88.242
58.648
59.094
85.721
42.199
7.900
59.953
64.846
27.007
58.811
84.348
84.348
59.549
59.549
84.224
77.509
35.161
88.888
85.204
81.299
69.233
69.233
52.024
81.084
84.545
42.199
42.395
18.515
87.869
88.418
24.422
69.558
54.993
47.037
76.372
51.281
12.568
26.092
56.571
59.026
51.255
67.201
67.201
84.088
52.024
48.555
56.395
18.515
88.418
72.800
77.264
51.194
22.542
46.095
51.832
50.805
75.481
75.481
66.732
84.493
84.493
65.022
52.024
38.658
48.555
25.648
39.137
61.302
57.508
58.485
12.657
36.604
48.374
46.798
42.223
26.092
51.832
69.768
41.313
10.972
66.732
75.542
29.082
72.582
74.224
52.024
50.817
55.876
20.847
60.478
48.374
48.465
46.798
46.860
60.699
75.542
75.551
29.082
50.049
19.097
55.876
86.413
87.504
17.956
57.501
31.840
55.808
53.415
61.338
86.626
85.298
72.951
56.290
55.606
41.313
58.110
64.343
72.001
81.757
81.064
30.138
59.625
55.808
77.638
37.561
72.951
55.047
58.110
40.909
66.843
64.354
69.748
66.416
73.065
47.151
45.027
46.058
46.058
68.586
63.182
45.491
45.491
40.909
48.490
77.286
39.981
69.792
58.252
74.528
51.572
44.959
67.630
67.630
58.822
53.993
17.133
22.651
68.532
38.931
39.254
58.568
58.252
82.849
27.518
51.134
58.822
19.232
84.825
33.333
43.296
52.988
53.842
69.259
84.825
23.857
68.532
65.764
58.501
81.830
65.764
81.744
81.838
67.098
56.903
80.796
54.389
20.928
18.756
20.928
46.823
60.492
40.617
71.399
34.072
74.167
80.497
64.025
37.040
37.040
56.350
54.258
43.682
44.499
68.463
77.388
76.821
34.912
56.628
82.876
47.599
79.694
69.259
81.726
78.062
65.144
64.449
47.599
76.055
76.055
55.688
21.431
64.449
62.425
76.138
43.769
55.865
55.865
48.899
57.567
57.567
77.957
35.621
83.801
84.630
68.894
85.342
54.216
80.639
68.894
83.256
55.274
55.274
62.208
54.790
54.790
54.790
79.688
72.209
79.652
56.838
56.838
58.007
86.320
55.932
47.133
7.108
7.108
75.100
30.581
49.050
56.942
31.683
34.799
78.377
73.180
66.328
55.902
55.902
69.025
67.121
83.873
46.650
87.560
36.683
89.506
51.399
28.237
38.125
38.125
68.098
65.618
61.667
61.667
36.836
38.648
71.363
52.891
82.885
83.272
86.220
52.247
31.423
52.742
84.499
84.499
83.590
55.776
79.624
79.838
67.045
62.680
62.392
48.728
67.010
63.439
74.704
55.933
60.446
67.323
60.681
64.707
74.704
69.998
88.066
49.537
37.633
37.633
37.633
44.930
87.439
61.120
66.686
46.732
62.487
29.269
4.011
4.011
65.994
50.515
50.515
44.930
44.930
55.754
67.296
61.120
61.120
14.554
15.705
42.797
81.703
24.630
47.793
48.297
75.273
78.436
25.273
36.754
68.859
57.922
44.541
67.443
80.318
42.438
42.438
47.793
58.847
52.388
54.869
68.619
44.541
79.182
44.277
81.234
81.234
86.336
76.743
76.743
56.673
85.795
85.795
57.771
42.438
42.438
63.539
61.359
82.429
43.486
88.495
80.898
54.869
47.936
86.348
86.348
68.619
57.775
67.149
86.394
76.743
56.673
73.339
66.327
62.177
61.679
64.501
64.501
64.195
56.673
85.210
74.748
14.111
80.069
87.269
72.373
37.716
21.445
69.796
70.949
37.022
37.022
71.845
26.981
26.981
57.361
71.010
61.362
68.498
66.163
39.819
39.819
39.819
23.204
23.204
82.952
34.058
44.892
49.460
33.551
57.296
65.020
65.020
57.475
57.475
25.952
85.880
61.108
89.770
58.836
19.646
72.358
78.911
52.399
87.856
89.669
31.141
65.702
31.889
26.082
26.682
57.347
57.347
77.701
32.881
68.720
18.857
76.278
61.854
50.362
50.362
61.282
52.932
82.907
73.304
73.696
61.769
79.958
32.141
35.414
39.481
47.707
42.852
69.201
68.720
29.787
73.595
75.635
87.735
33.328
75.787
69.197
55.697
77.149
77.149
45.243
73.304
73.304
64.225
67.899
79.958
59.033
69.201
64.958
50.645
53.560
81.076
81.076
72.613
18.059
28.990
28.990
33.012
28.689
28.689
45.243
43.606
68.084
59.033
84.404
69.548
56.445
53.540
49.811
49.811
68.343
77.335
77.335
28.689
50.584
60.226
73.152
87.277
87.277
55.859
26.934
63.629
63.629
70.076
67.342
67.342
50.584
50.584
80.637
80.774
86.891
60.226
74.623
74.623
42.425
64.814
49.302
89.126
62.180
62.180
62.180
53.750
54.562
64.949
30.852
81.241
86.399
60.729
26.570
62.772
62.772
79.656
43.338
83.772
49.261
25.752
78.668
52.401
68.981
54.552
62.597
44.445
76.054
17.953
60.880
69.361
29.058
53.684
86.724
43.986
55.398
52.434
45.505
75.027
54.265
76.132
59.496
59.496
59.496
83.207
42.912
58.706
59.531
66.016
59.813
66.542
33.249
63.229
50.938
48.553
69.816
50.916
64.954
87.313
70.061
35.014
74.411
74.620
63.398
55.195
56.875
33.720
65.362
50.938
34.969
38.773
43.314
33.634
83.989
38.699
2.573
25.154
25.154
68.078
31.592
85.225
70.061
51.947
35.015
86.214
77.957
66.666
66.666
50.447
50.447
27.031
57.559
33.946
81.980
45.154
48.206
80.851
38.699
84.399
35.675
68.786
50.645
77.983
66.666
57.559
85.046
82.041
20.011
20.011
69.000
68.322
69.377
33.305
7.292
49.695
80.534
36.602
48.340
75.298
29.359
48.550
35.675
35.675
15.895
73.851
70.337
77.980
30.188
32.947
32.947
64.709
78.555
63.844
84.405
42.487
87.732
81.343
81.399
75.650
64.700
57.527
57.356
39.928
39.928
65.562
29.595
39.990
39.990
32.046
53.698
73.992
73.992
61.047
67.298
47.062
83.774
77.445
6.646
45.498
88.476
36.584
44.106
64.700
34.818
86.357
50.250
50.250
50.250
72.342
72.342
39.946
73.173
45.930
86.709
73.992
73.992
52.397
64.372
88.830
55.863
53.962
53.962
77.539
73.887
77.539
79.965
14.044
16.955
85.067
85.067
67.210
16.639
69.927
76.395
71.982
72.342
40.923
76.842
55.085
55.085
81.122
52.397
85.306
79.124
42.959
68.835
77.539
66.754
48.963
48.963
29.503
35.353
59.046
30.510
85.067
68.361
56.434
21.171
78.360
41.499
59.665
59.665
61.570
53.495
56.403
57.617
87.324
53.566
89.384
63.144
64.792
33.880
58.914
43.512
59.046
59.046
25.296
73.561
69.885
23.936
80.220
86.168
59.050
56.643
51.363
79.964
54.131
38.117
46.866
59.963
79.718
25.245
62.494
29.425
31.332
46.946
60.866
61.024
61.024
76.314
36.505
54.871
12.856
12.856
78.472
85.403
61.203
47.824
38.740
75.114
88.449
43.616
43.616
57.591
68.883
6.152
62.244
74.697
38.615
61.909
32.536
79.314
47.842
47.842
47.842
75.114
50.358
43.616
62.219
54.085
78.076
24.774
79.190
22.056
87.145
47.876
86.235
56.822
1.784
1.784
25.379
52.827
11.059
12.271
58.125
12.181
76.996
26.300
22.258
89.973
89.973
69.286
47.876
71.551
71.551
64.037
8.723
86.322
44.686
31.517
35.510
29.917
29.917
65.446
29.917
72.995
78.647
48.598
76.529
23.031
74.786
49.450
68.622
32.555
22.971
74.788
50.534
52.348
55.679
31.248
14.945
74.304
74.372
53.024
85.010
69.703
69.703
59.242
88.043
60.786
60.786
60.786
79.356
60.208
9.598
9.598
48.598
46.966
47.086
47.086
47.086
79.190
13.408
62.879
71.763
18.045
79.175
34.360
75.072
46.827
60.829
72.283
45.796
56.246
58.097
20.896
20.896
20.241
57.428
43.485
71.530
76.402
62.299
47.108
82.614
52.403
57.112
71.763
14.135
65.678
64.859
11.242
62.243
62.243
80.038
37.942
78.619
61.573
85.930
35.985
71.530
87.825
47.108
64.425
64.425
71.886
89.360
66.166
59.107
87.041
13.064
13.064
24.727
51.666
61.391
61.391
61.391
85.132
48.290
39.652
81.084
60.599
9.820
9.820
21.471
21.471
36.600
34.395
38.384
38.384
77.524
64.425
52.309
68.432
19.597
24.636
61.391
61.391
67.723
44.334
63.700
63.700
4.536
6.847
18.894
83.740
74.163
7.734
38.403
60.285
68.057
63.677
85.057
37.448
13.969
13.518
80.848
49.917
56.551
56.551
68.432
46.816
26.135
64.611
52.475
57.739
29.394
77.973
52.152
88.564
29.254
42.582
84.731
82.493
32.617
59.453
60.244
87.426
44.438
51.899
51.899
64.815
64.815
64.791
19.607
57.691
14.747
14.747
43.340
31.751
68.676
26.135
46.816
46.816
24.453
49.300
48.536
88.689
52.152
47.407
59.929
67.610
65.807
62.415
56.053
56.053
29.601
32.103
40.498
63.114
63.114
62.915
82.156
73.282
58.859
21.774
22.096
77.135
50.713
68.934
47.390
88.188
73.932
83.359
81.455
56.601
56.601
76.684
76.684
82.156
62.762
82.821
35.737
35.737
36.228
2.013
2.013
42.081
73.432
76.942
47.841
78.219
78.219
83.949
71.381
37.132
37.132
80.737
47.904
63.615
58.590
65.414
62.920
69.215
26.576
26.576
22.676
47.030
42.081
79.231
40.018
37.132
79.850
25.680
47.904
57.944
69.215
53.238
47.030
47.030
83.264
43.884
14.343
40.018
83.563
83.116
88.026
68.033
33.200
49.364
79.687
33.567
33.567
71.686
47.605
62.022
62.022
71.342
82.019
77.362
41.417
59.508
40.258
40.258
66.356
66.356
39.075
67.037
20.377
47.291
50.137
56.741
60.818
72.374
5.091
11.135
87.510
87.510
57.497
57.497
57.497
71.342
71.342
58.455
51.200
49.356
65.947
57.966
75.029
24.752
65.440
79.645
73.794
88.907
84.186
33.725
68.993
47.291
47.291
47.291
82.923
71.541
23.370
72.374
51.092
87.673
7.567
7.567
73.845
72.523
75.029
76.842
76.024
87.284
67.178
79.645
59.127
71.574
84.181
83.226
43.429
12.653
17.971
77.822
60.444
61.459
48.737
86.509
81.181
69.332
48.201
74.453
38.158
19.128
16.292
19.463
19.463
70.387
85.988
89.653
83.827
80.361
61.171
82.217
82.217
35.643
35.643
41.770
33.706
12.269
59.132
77.738
38.658
63.854
74.897
54.731
54.731
52.539
56.012
47.528
63.515
61.759
61.759
82.217
60.909
64.354
19.097
60.315
60.315
41.705
47.577
51.269
59.200
29.104
85.495
69.775
20.780
89.354
53.819
87.184
67.935
79.510
63.072
45.821
65.312
82.031
71.636
63.904
52.325
65.555
67.559
40.075
60.909
60.749
29.946
46.428
54.409
54.409
53.228
53.228
85.495
78.406
76.230
71.729
61.371
2.619
58.835
58.523
79.660
72.056
74.062
29.685
87.464
76.582
65.421
52.325
54.024
35.282
52.023
51.148
51.148
65.003
31.374
71.319
71.319
32.307
82.145
45.252
45.252
38.052
54.377
62.505
62.505
37.928
40.000
57.551
35.908
36.813
65.105
12.418
83.533
40.075
64.552
33.333
42.178
66.605
38.033
83.496
51.148
74.248
23.603
49.953
67.682
67.499
67.499
34.662
39.743
43.904
72.852
68.463
85.153
31.255
31.255
31.255
84.234
57.783
57.783
57.783
48.122
44.812
51.148
36.866
85.412
48.067
68.150
86.413
52.160
27.981
27.981
25.648
31.255
57.445
62.378
50.248
50.248
83.883
9.996
34.030
42.955
38.471
64.174
71.953
75.975
75.975
76.567
83.570
58.689
77.151
80.792
51.031
48.035
33.875
33.875
69.264
67.420
47.914
64.686
23.217
62.333
36.806
71.212
36.964
75.220
65.745
79.037
85.945
28.018
50.153
26.316
22.478
22.478
88.870
72.623
84.972
82.441
47.914
47.914
27.537
81.440
35.818
36.698
45.318
66.831
71.212
37.674
85.891
55.217
36.379
62.198
31.196
20.036
16.224
29.871
69.182
88.870
64.304
49.681
77.353
74.490
74.490
81.315
52.754
38.575
84.207
87.215
85.330
66.831
79.502
78.452
36.365
82.798
49.681
16.258
16.258
81.315
40.125
34.772
68.460
78.001
65.663
46.950
46.950
70.901
81.257
81.257
33.171
45.510
42.637
79.502
39.222
38.064
82.798
83.785
83.785
74.450
72.655
79.681
79.681
77.552
77.552
70.858
14.879
64.913
81.608
48.555
73.069
73.571
74.520
88.204
77.914
27.518
42.637
54.261
72.081
72.081
14.477
22.024
50.947
15.247
58.741
65.694
65.694
36.959
65.042
16.522
77.527
57.745
58.706
52.174
21.277
62.119
26.300
35.110
26.125
84.062
81.069
72.150
72.150
85.294
85.294
85.294
80.402
80.402
71.610
85.692
53.128
16.522
35.164
37.217
51.956
72.782
19.493
57.745
48.153
52.575
87.261
36.894
44.991
81.124
84.062
71.619
49.705
49.705
58.686
85.294
71.610
81.792
59.411
77.700
28.808
79.612
70.589
55.273
28.404
59.953
37.053
61.096
41.417
81.885
89.117
71.640
32.628
58.686
58.686
67.076
67.076
31.829
49.350
49.350
49.350
13.743
13.743
75.661
56.377
63.073
20.474
59.953
61.096
58.768
54.814
89.117
32.628
82.810
18.843
50.206
84.983
35.834
43.354
36.768
67.061
67.821
79.701
70.338
70.338
40.594
66.988
50.991
80.498
60.444
61.386
56.777
64.281
62.990
84.937
74.266
31.658
61.162
59.680
16.734
70.691
34.032
80.861
36.693
33.754
55.637
47.907
55.544
70.338
16.934
16.934
63.127
58.134
54.397
61.511
38.743
66.416
70.840
41.422
74.266
87.899
79.879
30.535
30.535
61.162
59.680
59.680
66.553
58.071
82.205
29.228
53.203
47.907
47.907
51.638
43.777
51.995
19.577
86.309
82.866
64.846
33.977
50.421
49.774
36.198
37.675
47.547
53.463
71.734
25.318
42.789
64.658
52.118
47.136
48.096
66.460
58.071
58.071
52.817
5.586
5.586
19.668
81.538
56.846
81.064
81.064
89.503
69.305
87.212
77.903
63.705
36.198
36.198
18.610
37.688
54.551
48.096
70.908
81.390
26.902
25.718
39.439
39.439
80.269
57.624
57.624
74.853
35.827
71.707
80.468
80.468
82.832
40.183
42.641
42.641
43.590
76.338
46.777
37.688
23.228
42.293
42.293
42.436
17.822
79.502
48.096
45.527
81.660
48.642
64.350
30.830
25.849
75.875
32.986
76.880
89.241
86.442
58.405
66.264
40.659
24.188
87.138
66.089
66.089
86.524
26.697
62.694
84.297
69.759
21.042
21.042
87.504
41.040
51.086
82.422
62.218
70.187
60.779
62.741
76.615
45.959
71.176
58.822
79.846
86.194
69.046
69.480
69.480
15.646
57.289
62.694
74.125
18.997
87.504
39.146
83.895
61.034
51.536
76.615
64.168
9.893
49.325
77.382
87.056
69.480
60.995
57.289
43.394
61.034
61.034
63.928
28.545
53.791
45.346
75.099
86.518
48.164
36.362
54.593
80.670
88.817
87.216
35.707
35.707
88.418
24.422
62.461
67.164
89.951
54.453
46.841
86.345
85.369
42.859
59.536
88.663
65.963
84.919
40.004
53.315
71.736
71.736
69.410
66.477
53.993
71.859
25.739
57.633
54.744
58.580
88.418
36.762
22.670
19.706
35.191
64.767
76.564
44.189
85.369
55.731
55.731
76.533
21.053
71.736
74.550
83.020
57.633
63.730
12.657
82.775
13.061
13.061
66.402
57.579
57.579
62.152
62.152
45.751
54.229
73.509
37.438
47.711
55.731
55.731
55.731
86.635
19.099
67.129
67.129
89.404
80.796
76.539
12.657
82.775
65.950
73.189
76.788
76.788
76.788
3.657
3.657
78.840
68.115
38.425
5.844
47.628
42.371
50.818
62.060
62.060
88.963
75.212
48.788
86.635
85.587
85.308
87.145
32.033
37.500
70.178
56.458
37.447
28.065
75.662
80.796
83.511
87.698
74.134
10.793
83.541
76.788
81.443
81.443
56.313
81.724
52.586
85.014
76.112
32.474
88.963
48.788
43.023
70.178
28.065
78.606
47.275
87.785
83.541
21.636
60.672
53.772
53.772
78.086
82.831
31.843
86.356
24.588
46.483
47.521
38.987
46.373
72.543
57.154
16.210
78.606
78.606
83.767
65.690
77.008
32.046
21.636
26.907
26.907
60.672
57.886
63.681
43.254
65.722
72.275
10.829
51.465
73.337
51.615
19.619
61.506
77.714
21.284
67.831
37.085
85.389
19.748
47.589
47.589
32.046
47.754
47.754
47.640
47.640
57.886
60.006
58.694
86.369
14.484
14.484
68.177
16.839
60.835
24.464
31.615
18.503
55.292
67.831
49.163
85.664
72.293
47.754
80.202
80.202
30.613
31.100
69.465
82.487
66.051
82.916
40.014
77.481
57.988
38.757
41.566
56.252
59.098
59.098
72.293
72.293
72.293
21.632
60.782
53.130
62.677
82.487
32.287
75.241
51.251
59.977
84.977
57.273
40.623
43.218
54.063
28.534
68.940
65.713
89.448
85.471
44.602
42.906
42.906
42.906
60.150
40.475
40.475
82.849
54.692
52.446
32.210
84.977
87.521
59.528
59.528
55.902
43.107
9.499
60.327
85.099
83.873
71.344
87.816
78.318
82.173
47.365
47.365
44.602
52.791
59.505
55.308
58.485
33.282
55.940
38.615
39.722
53.189
38.924
73.945
89.554
73.364
63.428
65.379
18.282
17.684
51.260
70.771
62.129
62.978
28.717
16.162
80.842
45.281
45.397
17.089
42.848
45.547
30.300
30.300
32.413
56.961
70.220
63.113
80.099
73.364
42.684
48.373
48.373
80.616
67.680
52.290
52.290
15.553
20.310
52.183
83.221
75.486
39.127
42.848
30.300
50.180
89.199
55.612
56.772
42.684
61.302
47.455
45.703
67.266
67.266
59.470
47.395
71.399
82.089
62.657
51.602
51.602
85.845
30.986
32.217
44.876
76.798
43.348
50.949
56.903
47.047
47.047
27.721
13.402
65.382
82.330
71.932
11.182
11.182
85.845
52.389
23.527
83.346
86.060
41.336
69.222
56.903
48.385
78.672
83.650
59.275
67.464
85.854
45.451
16.140
16.140
43.530
49.514
15.570
18.781
87.841
37.783
15.115
10.505
10.505
39.463
69.222
72.399
73.177
73.177
49.778
64.479
64.479
40.653
58.428
55.066
30.415
51.757
87.176
87.176
81.057
81.057
75.162
67.317
36.539
36.539
59.486
53.515
67.278
44.224
83.016
88.219
22.674
22.674
73.083
56.295
72.320
41.469
63.825
38.463
54.993
78.704
35.799
78.352
55.640
75.162
24.749
72.727
78.981
78.981
13.480
13.480
21.997
79.281
86.042
73.083
17.967
75.903
42.074
54.993
54.180
67.687
41.572
22.256
53.295
86.533
48.062
88.226
78.029
54.522
51.918
73.139
10.387
10.387
10.387
78.164
53.953
63.963
61.909
26.516
54.180
80.013
38.304
21.515
27.475
11.920
54.754
77.693
67.435
52.384
47.861
52.355
88.226
76.224
51.918
66.228
77.261
36.950
36.950
36.189
73.429
73.505
25.209
82.497
82.859
64.670
69.291
62.278
84.866
49.465
69.545
49.501
53.069
53.420
63.902
46.853
52.384
52.566
45.511
37.357
84.348
48.025
66.228
49.840
44.512
60.312
76.742
45.398
70.533
70.533
55.873
55.873
23.204
23.204
23.264
68.788
59.426
76.556
69.692
88.157
75.228
56.820
75.503
52.566
83.684
46.820
42.714
43.112
21.595
53.890
75.492
52.193
72.394
43.080
36.290
55.873
55.873
88.584
38.316
86.340
56.202
64.738
62.689
71.663
37.215
61.136
57.301
82.311
88.240
36.290
52.351
85.851
14.166
25.072
22.607
61.402
23.857
23.857
70.820
51.031
66.994
65.390
24.897
82.311
35.421
39.207
55.645
53.424
84.274
63.698
83.164
83.164
33.885
73.493
56.890
78.229
63.380
62.645
34.243
34.243
9.459
54.485
47.079
52.298
53.424
68.704
86.513
21.316
69.522
70.379
20.588
55.739
25.051
59.653
79.786
28.901
44.918
15.665
59.755
72.136
10.381
10.381
25.079
25.079
59.424
59.424
70.167
24.253
63.306
59.779
46.663
46.663
48.531
50.723
50.723
46.347
50.723
21.927
21.927
38.322
34.925
69.298
54.961
32.125
85.910
39.569
45.063
87.940
26.231
58.684
71.799
71.799
55.663
76.707
55.663
35.737
60.618
72.455
51.281
67.032
46.663
57.947
36.110
85.401
78.855
89.064
50.517
50.517
9.508
9.508
88.206
81.881
58.811
72.455
43.653
85.168
57.947
16.262
77.880
25.936
36.110
85.401
75.845
56.745
48.822
79.479
79.829
78.805
64.432
59.530
68.006
87.940
41.493
41.493
88.206
45.255
64.032
43.653
43.653
72.709
47.456
23.181
40.563
43.406
39.819
54.931
52.851
89.187
82.005
60.995
64.432
68.385
70.434
74.526
74.526
27.527
86.120
76.329
12.854
12.854
81.608
52.979
43.841
86.569
37.788
43.406
39.819
29.606
83.533
49.333
89.187
44.785
67.418
54.629
32.010
78.608
82.306
88.583
70.434
48.840
58.303
86.979
80.283
52.979
76.530
84.081
32.957
82.256
58.275
56.576
63.174
89.921
50.514
32.010
12.500
84.438
72.016
36.619
31.054
31.054
84.611
89.492
80.488
67.616
73.593
58.596
53.170
66.093
63.174
69.185
51.650
12.544
20.030
31.010
31.010
52.375
85.090
87.161
89.492
80.488
80.488
80.488
79.147
15.066
85.294
72.043
79.068
83.861
60.566
86.463
67.860
51.096
62.911
54.916
62.911
87.161
48.251
15.946
15.946
77.470
80.460
41.995
19.735
78.219
50.755
62.082
78.668
73.444
47.215
44.189
78.835
55.038
55.038
57.482
17.751
40.424
42.441
86.278
47.363
50.542
65.540
78.668
51.979
85.583
15.506
41.065
41.065
67.539
47.478
47.478
72.094
49.669
51.309
53.344
53.344
70.120
68.335
45.027
89.028
6.770
57.847
16.151
20.687
20.687
75.118
82.302
48.622
67.772
84.044
85.583
40.069
72.101
72.101
72.094
72.094
65.584
65.584
49.669
43.194
89.136
61.123
80.549
74.916
37.767
40.377
86.666
49.901
54.325
54.325
10.441
49.432
71.668
14.771
14.771
84.018
18.428
80.388
44.262
76.001
57.614
89.072
52.275
50.303
86.250
75.450
72.466
70.767
54.389
76.773
35.840
69.699
77.682
32.015
51.018
41.570
41.570
80.388
46.862
34.969
76.701
84.803
85.631
57.614
51.800
45.571
58.267
71.815
46.058
55.808
20.928
46.823
40.617
14.170
56.358
80.388
80.388
47.452
89.428
89.428
32.161
53.664
34.969
76.701
54.786
54.048
54.048
51.800
29.705
61.057
57.816
67.029
83.972
69.253
7.686
22.638
13.705
21.844
64.280
68.574
62.478
11.386
8.771
64.982
83.228
83.967
78.516
81.693
76.251
39.335
42.416
48.374
88.301
88.301
40.209
46.327
61.963
41.052
60.733
60.733
60.733
55.473
78.516
77.393
71.618
80.123
46.911
46.911
80.562
56.185
31.372
79.420
41.044
83.385
62.270
62.004
32.941
11.466
19.783
42.333
47.233
70.660
47.901
80.562
60.379
62.356
80.894
51.371
36.920
37.444
49.807
47.312
73.488
62.992
62.992
60.765
67.444
71.573
52.067
72.337
48.158
25.517
19.485
19.485
63.284
25.344
25.344
87.035
56.253
45.445
36.920
18.458
87.387
38.238
67.444
2.399
22.542
17.262
28.425
28.425
71.631
42.374
42.374
27.278
82.191
58.064
65.176
46.885
80.706
40.234
37.873
53.231
44.406
58.563
40.255
70.433
70.433
4.080
66.494
66.494
38.238
28.773
51.521
48.465
41.633
26.324
65.273
64.039
43.617
43.617
42.258
28.578
28.773
61.398
65.340
86.328
84.224
74.079
49.498
68.292
89.740
46.967
75.754
26.324
26.324
25.101
23.773
38.059
77.840
74.079
74.079
57.640
89.740
68.532
88.653
77.638
69.511
36.608
60.934
59.614
59.173
42.657
84.526
74.222
48.996
23.773
78.165
50.786
74.636
72.008
46.798
38.805
75.548
73.835
65.955
65.955
68.532
85.902
85.902
66.409
76.855
50.786
46.798
78.503
45.875
37.929
55.395
59.333
59.333
81.021
32.811
72.866
71.499
58.265
52.822
52.822
81.535
81.535
84.244
89.616
86.535
43.865
42.301
67.572
67.572
64.980
81.797
30.524
71.279
31.345
81.600
18.344
61.025
87.254
75.192
28.443
62.716
26.092
64.980
75.139
75.604
29.867
61.564
64.035
22.848
48.526
50.743
62.094
14.680
86.888
64.126
67.614
47.787
15.327
31.189
80.880
75.697
35.292
35.292
35.658
74.050
40.744
57.399
21.621
28.488
51.832
36.192
83.732
83.732
40.987
46.600
84.641
62.353
65.118
17.383
58.124
15.549
15.549
71.133
43.537
75.604
37.415
49.604
35.951
77.509
68.196
61.750
79.198
84.641
25.380
58.124
40.673
34.320
58.096
75.162
44.895
79.086
67.241
71.195
56.459
43.212
26.738
70.541
70.541
75.951
61.520
59.071
85.404
85.404
35.282
69.215
67.543
50.105
67.241
59.260
42.309
26.123
74.437
39.740
30.065
30.065
36.852
46.860
58.984
68.719
75.951
72.302
83.386
83.386
82.608
39.972
56.875
85.404
59.400
63.302
74.810
50.499
72.951
46.614
31.557
89.856
21.850
68.815
61.896
76.861
61.076
61.076
48.747
27.050
36.698
36.698
46.919
55.894
78.982
28.188
51.169
26.283
25.099
70.017
82.897
48.072
51.869
44.429
69.768
29.346
65.526
76.214
59.071
35.505
18.774
47.424
70.017
58.231
73.319
62.666
69.768
10.324
51.913
41.313
71.806
39.072
80.768
52.732
19.014
31.252
41.988
41.988
59.660
11.860
53.718
51.275
63.038
58.231
49.795
67.134
66.815
57.062
76.207
71.806
35.828
52.732
50.976
50.976
67.589
71.753
29.350
49.795
49.795
39.366
38.878
42.268
44.506
57.062
75.956
29.456
87.633
69.068
69.068
59.167
59.167
77.315
77.315
26.930
26.012
26.012
3.575
87.155
88.148
52.797
33.885
33.885
81.396
76.644
81.396
43.341
75.481
50.917
23.564
33.077
58.293
25.477
29.674
29.999
72.860
82.488
43.286
43.286
81.396
63.020
38.812
53.903
53.023
53.857
49.481
36.621
89.366
84.203
80.638
38.930
42.251
63.020
34.688
53.023
58.110
46.966
46.966
84.203
38.899
79.272
35.161
17.976
17.976
42.322
87.685
42.425
79.067
21.855
77.212
56.585
56.585
89.292
84.842
53.397
32.622
52.546
60.344
44.776
12.386
12.386
42.821
41.285
89.123
74.474
75.246
9.416
87.874
62.276
58.172
16.638
60.699
74.944
32.199
70.090
79.247
50.613
70.684
89.888
69.152
49.080
56.065
66.106
62.676
72.281
87.658
87.658
24.796
65.308
70.090
55.786
85.204
54.946
49.594
78.083
60.985
51.111
51.111
60.484
66.983
56.455
11.794
63.182
84.080
84.505
81.041
71.041
27.321
83.685
78.083
34.277
34.277
54.416
54.416
34.325
86.292
71.877
89.583
78.780
63.871
71.291
34.277
47.030
71.722
15.331
73.904
75.901
77.463
72.132
79.808
53.974
30.862
57.714
52.177
70.679
75.901
54.466
54.466
83.258
61.066
21.152
77.442
48.210
57.930
62.225
89.127
43.696
43.696
55.286
51.515
24.129
12.650
22.011
43.224
89.095
50.019
45.249
40.560
68.846
16.236
88.305
85.558
29.801
89.129
84.475
72.876
28.958
14.614
79.293
49.210
73.639
85.664
21.481
70.580
53.986
4.859
84.527
89.866
40.243
35.056
51.740
43.771
76.374
51.268
51.268
31.788
50.954
49.271
56.809
68.727
75.730
72.288
52.544
69.215
84.527
53.351
7.667
35.056
23.517
23.517
87.203
79.895
79.895
76.374
31.788
31.788
60.553
79.697
54.085
48.563
29.082
29.082
69.215
52.946
72.133
15.399
14.685
34.788
51.798
84.257
82.315
51.100
68.966
35.588
35.588
50.854
51.015
51.015
51.476
48.057
36.120
36.120
14.997
14.322
8.843
65.376
42.578
51.100
56.132
56.577
46.402
56.028
26.592
32.284
37.538
37.538
81.467
42.783
23.191
48.639
17.307
72.471
65.373
66.098
56.577
66.414
51.022
40.909
74.528
11.702
49.305
20.172
65.949
65.949
65.949
6.792
6.792
62.096
61.661
50.565
27.134
61.854
79.537
14.031
32.074
53.147
51.572
86.094
89.747
47.664
66.878
80.110
70.377
50.983
53.765
41.860
77.121
67.404
67.404
64.616
53.147
84.183
89.003
81.467
62.727
37.685
69.092
63.265
41.724
83.432
89.816
77.673
77.121
15.363
15.363
65.580
53.358
70.080
35.678
54.080
79.214
58.478
57.318
64.883
56.954
88.788
78.656
69.307
6.184
65.580
63.038
39.951
64.954
64.343
76.663
15.011
34.033
34.427
65.267
59.781
77.398
48.490
48.490
52.388
68.639
26.507
57.691
85.031
33.198
28.048
64.444
19.240
63.506
24.975
54.747
13.250
43.459
33.890
52.388
64.343
45.539
10.587
10.587
29.874
26.664
31.083
67.780
45.672
63.506
83.955
79.180
79.180
52.488
66.836
36.346
55.444
61.183
78.382
4.711
55.486
46.534
67.780
21.869
66.030
53.256
56.727
87.270
30.305
36.799
24.692
47.456
47.164
47.164
71.481
41.673
28.593
76.189
33.781
73.560
60.156
78.382
86.676
66.030
86.407
28.522
67.207
56.184
58.359
51.158
15.919
21.004
21.004
21.004
51.445
67.264
67.264
69.941
45.822
55.715
62.234
62.234
86.676
17.690
19.074
86.407
28.522
53.613
53.271
45.928
58.433
18.626
15.919
38.416
53.257
58.611
41.843
83.588
82.345
55.715
54.215
23.065
38.559
38.559
38.559
75.573
33.498
33.498
18.626
35.039
66.906
47.620
44.715
65.417
39.532
22.107
28.661
40.251
85.584
85.584
76.912
74.646
30.203
47.620
47.620
44.715
85.983
40.251
51.916
35.238
63.194
78.311
62.543
59.111
70.816
69.660
88.601
74.620
70.816
53.581
27.570
56.922
26.915
63.579
9.149
77.735
62.543
58.123
47.392
33.197
83.318
66.058
61.611
55.450
77.735
47.641
57.679
83.318
27.188
27.188
70.654
55.450
89.515
85.470
25.210
25.210
50.019
46.985
19.984
50.744
35.800
49.730
6.088
59.821
29.531
29.531
44.562
57.665
50.744
66.141
52.803
73.919
28.289
28.289
44.005
73.289
47.429
53.423
59.858
18.057
18.057
40.325
37.755
37.755
86.152
34.556
50.114
56.829
48.590
48.590
61.608
33.413
67.201
67.201
44.674
88.343
53.244
53.244
74.896
62.020
40.319
58.083
71.806
45.210
58.954
85.271
87.256
54.863
23.008
21.176
70.089
60.322
26.803
73.433
73.433
33.779
16.049
79.696
56.052
47.770
88.216
70.091
85.013
54.863
23.274
84.493
52.339
52.339
31.560
69.028
64.635
64.635
62.174
60.563
29.285
44.225
19.464
50.243
50.243
83.107
73.090
56.871
50.939
73.206
25.917
45.246
32.965
32.965
24.183
71.935
70.722
34.714
78.073
32.668
71.667
84.391
65.490
68.577
34.039
34.039
10.444
24.491
84.845
21.905
66.843
74.224
20.427
20.427
56.288
77.545
59.839
64.533
58.853
51.470
31.025
24.491
24.491
83.523
88.242
87.080
52.624
70.326
69.311
69.311
51.130
7.723
55.083
89.572
88.242
79.687
79.687
52.624
65.966
52.661
53.895
40.667
40.667
20.316
41.542
79.586
79.687
52.747
49.391
17.657
33.664
17.657
58.475
61.384
88.929
88.621
86.459
57.905
56.824
54.276
19.976
25.208
11.748
56.614
59.420
73.036
73.036
86.204
61.440
24.132
30.588
70.401
51.471
47.597
58.945
57.699
53.696
57.351
27.209
44.396
14.300
17.195
48.047
60.861
70.456
60.711
81.815
76.765
53.266
69.375
88.585
64.660
54.687
68.293
62.967
28.040
28.040
59.041
62.947
62.947
62.947
70.456
47.519
41.475
69.074
17.691
17.691
48.946
30.110
30.110
25.140
54.687
64.103
64.103
58.648
41.475
56.275
39.364
85.670
53.878
58.648
58.648
43.220
39.674
85.112
70.531
41.850
85.670
53.878
53.878
53.878
36.287
85.362
82.224
42.223
84.712
70.531
70.531
33.169
33.169
85.362
41.498
74.768
72.067
72.067
65.403
50.475
61.916
88.973
22.794
47.503
79.990
84.088
84.088
45.216
22.794
22.794
84.088
34.659
86.196
55.787
32.866
81.400
33.170
53.330
65.395
69.764
24.076
17.055
73.021
84.446
72.005
62.517
62.517
40.047
80.816
69.082
40.212
65.135
66.203
2.250
44.959
33.335
78.517
73.839
75.405
88.875
80.923
83.934
70.673
70.673
78.638
60.382
85.035
