9.612
9.612
9.612
38.194
38.210
38.230
9.810
9.808
38.174
14.997
9.808
38.194
38.255
38.143
9.822
38.159
38.143
38.186
38.209
50.991
51.004
82.767
38.209
50.928
51.085
50.993
82.761
82.793
82.721
23.010
50.899
51.199
50.916
82.771
82.752
82.779
51.136
51.036
50.988
39.443
38.887
82.709
82.722
14.695
25.374
23.028
51.205
51.157
39.582
38.984
14.986
14.695
25.347
39.098
50.967
39.006
39.049
38.993
48.517
14.986
4.329
25.359
29.332
29.368
51.077
50.968
50.967
39.053
32.176
39.070
24.904
48.523
48.534
14.986
4.329
29.332
29.289
29.862
31.943
38.998
39.085
24.904
48.532
48.460
16.220
15.058
14.671
25.395
16.626
29.370
76.340
32.192
31.943
38.949
39.034
24.866
48.455
48.504
14.658
16.621
29.343
23.143
57.586
28.816
32.749
38.937
32.025
20.110
40.034
46.816
48.533
48.647
48.563
48.585
25.052
32.509
29.351
29.376
57.496
57.563
57.594
48.646
28.757
31.907
39.031
32.109
39.996
40.095
27.263
46.816
48.528
25.228
29.359
68.820
29.889
57.036
57.649
48.713
23.259
32.091
32.172
32.109
23.686
40.069
39.962
27.269
27.266
77.229
75.078
46.999
46.818
25.052
34.941
57.598
57.582
22.772
23.259
28.747
86.512
86.228
61.676
40.278
40.031
40.040
27.268
77.230
77.317
77.248
20.856
46.779
7.490
34.893
36.188
23.204
54.459
69.665
22.663
23.571
28.674
86.485
86.510
86.322
40.000
40.076
40.103
27.238
30.182
77.338
77.229
77.261
30.786
46.862
36.081
36.138
79.461
7.027
19.908
20.331
37.816
86.486
86.488
86.487
40.107
27.229
77.288
77.178
76.937
77.191
7.636
46.748
46.708
27.622
7.565
58.157
58.230
58.253
34.913
5.832
85.662
23.130
68.264
68.231
20.352
23.721
28.733
68.847
68.939
56.043
86.477
86.525
61.732
86.509
61.713
40.031
29.491
24.839
30.284
77.199
77.289
30.329
46.766
46.764
11.235
38.482
58.277
58.253
34.912
31.952
57.364
36.111
30.279
30.275
5.832
49.370
53.060
52.812
85.580
85.706
68.298
68.248
55.280
68.853
68.743
68.925
37.914
86.531
86.554
86.409
86.440
61.646
29.575
24.899
24.836
35.141
30.365
11.202
58.302
70.453
31.976
36.080
30.259
29.765
52.867
85.684
85.852
85.742
68.345
68.274
68.303
57.753
68.884
68.743
68.824
37.788
86.442
86.422
61.735
25.537
13.958
24.807
24.899
30.361
11.201
30.726
8.663
58.181
58.218
31.970
57.382
65.403
29.706
52.826
52.847
85.894
85.356
85.594
30.872
68.305
57.691
20.367
57.753
29.741
37.903
51.441
61.774
15.342
29.678
1.396
24.855
55.539
55.427
30.399
11.205
8.715
19.788
58.282
61.273
20.962
31.974
57.493
30.277
65.300
65.411
65.575
65.260
29.755
52.817
52.136
85.864
85.619
85.770
30.872
68.345
22.828
57.685
20.367
57.543
57.652
15.342
29.871
30.791
13.966
1.396
59.321
24.839
55.466
42.677
75.669
8.618
51.534
19.793
45.385
39.513
57.474
24.782
38.620
65.185
65.561
5.022
52.152
52.152
52.129
77.373
30.872
30.923
7.263
57.670
57.673
57.688
23.894
14.927
15.375
30.751
44.996
59.329
59.303
59.372
24.813
59.134
55.539
55.423
49.530
46.447
79.392
86.323
8.618
21.102
29.370
51.484
51.473
51.566
0.000
19.821
58.700
58.820
45.385
23.820
24.843
24.782
43.998
65.267
65.253
37.015
29.736
2.642
28.476
52.129
52.283
52.127
52.215
77.383
77.435
30.907
30.936
16.489
57.710
57.634
57.659
23.894
23.878
30.727
14.005
1.327
49.721
59.280
59.404
59.372
59.503
57.357
63.914
55.072
51.117
51.225
82.532
86.252
86.241
21.082
29.371
29.261
51.485
51.496
51.568
51.539
58.841
4.696
80.935
85.407
24.835
24.617
50.442
50.437
65.227
65.374
32.777
2.642
28.476
52.248
52.115
46.569
77.408
77.426
30.938
30.838
57.654
57.688
57.730
37.514
54.820
14.872
30.816
30.715
14.014
14.008
52.561
59.317
59.314
59.408
65.491
59.062
24.900
18.743
51.018
51.463
88.042
88.042
81.750
26.990
53.573
53.636
7.950
29.466
29.234
29.377
51.541
51.567
51.567
19.866
58.679
58.742
85.430
85.315
24.800
50.535
41.205
65.373
41.169
34.719
30.775
28.473
52.109
52.635
52.134
77.435
30.838
57.622
57.668
23.881
30.873
14.012
14.449
59.351
59.392
65.491
59.002
24.935
18.743
10.612
22.604
14.734
26.869
53.573
29.444
29.423
29.393
51.578
51.568
51.568
58.666
30.043
20.792
27.985
84.950
24.778
50.545
50.593
41.205
41.202
30.789
2.633
17.477
28.521
84.474
52.146
52.096
52.176
52.150
77.372
29.798
57.622
79.991
24.215
40.305
20.452
28.393
37.589
37.540
15.267
25.652
13.456
19.011
23.866
24.731
5.864
22.697
6.646
13.117
26.884
53.552
53.521
24.743
51.574
51.562
53.185
30.043
85.568
85.503
84.956
24.691
41.260
41.195
35.863
2.633
17.499
17.527
28.599
23.049
39.385
39.427
80.451
80.512
24.215
19.299
28.393
37.529
37.345
29.833
15.263
55.390
29.531
29.548
24.731
16.574
22.664
22.664
22.748
42.952
33.731
13.197
37.043
19.698
24.743
29.654
51.557
51.541
0.000
53.348
53.418
33.876
13.906
50.596
85.417
85.218
88.004
27.921
41.235
29.969
41.216
35.863
16.986
2.633
17.570
17.268
81.036
81.080
81.032
67.246
39.268
39.418
20.831
80.436
79.822
5.229
32.017
23.927
23.885
29.837
25.325
28.322
71.134
37.517
55.639
55.383
54.595
50.479
29.471
29.557
11.198
16.572
28.449
22.633
22.768
37.307
42.880
33.714
33.710
13.235
14.518
0.000
39.575
4.510
85.412
84.786
37.649
36.222
29.972
76.887
76.871
16.986
17.130
17.559
81.036
80.774
80.975
81.029
61.817
39.377
39.313
78.140
80.521
80.521
30.977
29.982
71.134
37.640
68.613
68.484
21.048
77.188
29.503
29.478
29.566
5.070
15.603
22.637
22.768
22.436
33.710
33.771
42.811
13.126
21.111
53.421
53.418
17.886
67.472
46.850
41.815
26.231
53.929
76.896
76.874
76.793
8.595
36.728
17.168
17.559
81.160
80.980
56.683
39.228
39.355
39.338
83.214
83.266
83.236
31.946
63.259
63.425
30.021
71.159
71.163
37.464
37.486
68.654
68.651
68.569
68.553
83.324
83.407
55.451
87.706
29.467
26.078
11.166
16.605
16.611
22.673
26.042
15.392
33.704
33.715
42.811
13.264
27.051
21.353
27.792
53.418
42.562
31.241
47.633
67.568
46.259
30.184
76.828
76.836
76.808
8.626
36.748
17.119
25.753
79.522
79.518
79.621
39.091
83.162
83.496
83.102
34.463
30.821
29.065
63.296
63.425
30.094
46.534
71.158
71.165
71.127
36.955
68.550
68.675
34.692
68.703
49.343
83.370
83.229
83.353
68.780
66.756
29.486
16.605
16.611
22.469
65.239
29.986
42.811
29.332
49.978
30.780
34.298
67.513
67.496
30.048
76.894
76.808
76.709
36.743
36.779
17.182
25.803
79.640
79.491
79.522
79.505
30.280
45.494
83.243
83.258
83.340
31.012
29.057
63.317
63.445
46.534
71.233
71.298
68.629
34.699
35.555
8.213
83.292
83.271
83.301
19.733
74.829
51.174
15.012
89.405
42.847
42.822
8.370
40.820
27.819
47.593
29.502
20.502
21.361
8.646
36.766
36.779
17.077
79.506
79.596
79.684
79.605
80.214
45.508
83.299
83.334
83.209
83.222
74.382
74.310
74.321
29.057
41.364
41.507
32.546
63.304
63.411
71.259
41.116
70.984
34.729
34.736
5.479
83.433
83.285
83.436
19.716
18.437
51.187
51.172
29.913
89.405
89.412
42.835
20.056
78.843
29.274
89.778
47.593
30.147
28.135
13.127
20.629
21.341
21.340
36.729
17.077
43.602
43.523
79.579
79.660
79.573
79.547
40.059
12.134
45.509
45.484
45.678
74.413
74.391
29.107
41.593
41.292
41.572
32.546
32.483
63.349
63.458
71.110
71.139
71.007
71.091
34.630
49.395
49.314
83.366
83.360
19.713
19.908
19.715
21.045
20.969
51.187
86.503
27.062
42.878
89.446
89.492
89.498
11.278
47.622
29.965
84.084
9.315
13.127
67.373
67.396
21.319
21.342
57.463
26.492
43.509
43.505
79.671
45.642
40.105
12.210
45.483
74.385
74.313
29.112
41.641
41.255
41.552
32.534
32.413
63.402
63.524
63.380
77.647
77.734
77.443
41.005
71.166
34.718
4.426
83.283
83.365
19.888
19.735
23.390
9.707
9.692
29.835
89.452
54.544
89.505
89.488
87.023
47.721
47.596
30.138
29.900
5.018
13.133
12.402
20.572
46.416
21.347
15.747
27.276
43.520
43.433
45.780
12.177
12.166
31.558
31.434
41.472
32.507
21.042
63.460
73.417
77.838
77.488
77.677
88.185
86.617
58.565
32.275
49.705
49.349
49.226
11.592
25.800
19.774
19.739
18.422
11.902
27.037
89.459
89.465
29.104
20.094
88.316
88.276
47.652
47.597
30.170
30.169
35.477
21.333
57.434
1.980
15.761
25.193
85.530
64.850
43.466
43.520
45.632
12.166
31.558
31.402
26.871
41.657
41.526
12.599
32.472
32.513
32.562
53.127
57.479
73.386
73.417
73.412
77.557
77.650
77.606
77.650
76.702
88.674
88.988
32.240
32.260
49.705
49.390
11.592
25.736
18.412
73.251
84.815
84.763
84.831
9.712
37.284
8.232
89.491
89.524
89.378
89.360
29.085
59.128
20.110
9.558
30.120
30.184
35.492
35.477
4.950
1.980
9.582
57.363
25.181
25.166
64.844
64.869
65.097
43.483
45.571
12.213
31.506
26.871
42.602
42.693
41.586
41.610
41.523
12.599
32.513
32.569
59.675
59.568
3.784
77.704
77.701
88.682
88.819
88.655
86.402
18.326
37.170
84.912
84.871
84.879
84.779
84.836
7.659
0.000
22.666
29.092
59.128
59.128
15.198
88.029
26.947
30.166
35.445
4.950
81.813
62.013
54.895
20.744
15.786
9.582
57.478
82.841
82.853
82.938
25.173
25.198
80.924
80.853
65.033
64.846
22.114
26.204
7.916
42.602
42.632
14.283
41.610
12.599
31.552
59.578
3.784
73.449
73.347
73.254
73.371
38.109
88.736
88.725
88.656
78.990
32.230
86.399
86.497
13.878
25.796
37.332
37.255
33.562
84.878
84.937
84.860
84.811
8.221
8.232
23.757
73.547
73.606
23.203
73.662
73.676
59.119
59.153
40.434
87.852
87.823
87.813
88.029
26.947
62.013
54.895
54.946
15.770
15.832
82.863
82.854
25.151
80.928
80.937
80.820
80.796
64.444
52.279
31.507
26.839
7.916
42.636
14.257
1.323
34.681
59.777
3.690
73.777
4.893
73.421
73.311
88.679
88.621
88.563
78.771
16.535
32.230
86.463
86.517
86.385
16.525
26.610
37.219
63.865
84.850
84.856
41.954
7.659
8.224
8.234
0.000
73.600
73.771
73.744
73.779
29.071
59.120
26.679
49.491
15.202
48.316
87.878
89.046
87.964
78.686
16.007
25.462
25.414
81.734
62.053
62.022
62.021
86.773
86.777
15.512
82.866
25.150
80.874
64.867
80.853
80.834
65.811
52.258
52.271
26.182
26.786
42.633
14.255
3.594
59.628
20.894
59.507
3.571
73.747
73.733
4.893
73.395
78.892
78.863
88.606
88.761
88.609
78.745
86.376
86.499
16.525
78.765
26.135
37.187
37.067
63.668
63.865
63.597
63.674
58.913
73.097
73.259
73.133
9.782
8.234
73.615
22.674
73.753
73.672
73.669
73.768
59.093
59.137
59.131
35.760
16.139
87.851
48.296
87.785
25.445
62.052
54.826
86.796
87.014
33.148
80.826
80.907
81.036
80.948
66.079
29.067
52.248
52.280
68.237
26.263
36.631
42.641
42.697
14.217
14.135
62.862
62.755
62.955
3.543
31.671
59.626
73.802
4.981
88.759
78.885
78.912
78.814
88.732
86.508
86.394
86.467
86.389
86.432
21.593
11.950
26.070
26.174
37.132
63.709
63.674
58.902
58.927
73.071
73.315
73.169
9.782
7.529
22.766
73.701
73.690
73.716
26.694
59.316
35.760
49.515
48.330
86.166
10.800
16.820
56.404
10.406
61.993
62.009
54.843
86.822
86.915
80.837
81.084
64.860
64.825
55.012
29.025
29.103
52.333
36.686
59.327
59.289
42.625
42.690
62.917
62.970
62.955
30.713
31.087
3.338
59.638
85.115
5.040
81.071
78.918
78.702
40.456
86.415
86.344
26.328
17.434
11.950
50.771
26.205
63.735
87.136
58.932
58.615
73.155
73.337
73.754
73.681
73.624
26.870
49.477
48.294
25.434
62.009
62.009
86.960
87.145
33.132
35.575
47.152
80.908
55.052
29.025
59.541
33.354
36.488
36.698
62.965
62.835
63.013
30.713
31.144
31.098
32.368
85.156
85.115
5.038
78.474
78.900
79.004
78.848
78.961
40.910
40.551
27.208
26.199
26.056
63.677
63.677
63.615
21.255
74.912
58.968
73.355
73.090
12.400
14.075
7.590
26.865
58.481
25.129
23.559
48.373
45.880
25.434
16.756
76.443
30.611
76.320
86.649
86.911
33.098
33.143
26.506
26.497
47.144
47.173
47.154
33.939
85.388
85.388
55.039
33.025
36.565
36.768
59.299
59.326
59.270
14.141
62.959
62.769
65.778
31.172
85.220
85.160
85.134
78.889
79.031
40.485
26.275
12.208
13.293
25.969
83.778
83.740
51.892
59.270
58.944
54.802
54.821
74.189
74.174
75.021
7.644
26.855
77.981
33.314
45.890
79.043
5.097
16.789
30.458
30.628
30.609
76.459
25.337
25.276
26.552
29.138
47.159
47.123
47.144
83.518
33.950
80.364
55.069
5.128
29.073
26.167
32.935
36.601
14.141
31.166
62.292
85.200
85.170
85.114
29.622
40.571
40.538
26.281
14.674
20.757
83.850
83.751
83.726
8.618
79.786
74.158
54.950
54.835
74.188
74.101
44.194
36.749
26.852
26.825
23.543
45.273
50.200
79.043
5.097
30.507
11.705
29.475
26.562
26.437
47.217
47.033
21.412
5.157
29.089
27.643
27.673
33.271
36.701
31.365
31.176
85.157
85.075
73.153
73.109
29.753
32.421
14.674
83.754
8.585
54.890
54.872
54.881
54.977
74.154
38.065
27.777
4.290
26.818
26.811
33.242
22.489
30.571
19.913
19.840
27.438
25.163
26.474
47.226
24.085
5.177
27.737
52.068
13.872
77.429
9.336
73.184
28.281
83.678
83.817
8.587
74.155
54.757
54.815
55.068
3.838
27.777
36.681
36.662
4.290
55.483
50.318
41.052
30.472
25.332
25.291
29.061
5.212
29.044
9.374
35.362
44.233
44.201
52.124
51.753
51.757
13.872
9.742
73.118
29.758
60.464
28.197
20.717
20.687
83.682
83.712
17.017
54.792
54.867
54.825
33.131
41.134
36.664
4.290
15.272
50.310
50.140
14.333
22.489
23.462
11.519
19.931
10.118
5.151
45.580
35.371
37.297
29.337
29.370
43.038
44.282
44.211
51.748
13.843
56.839
64.450
73.027
29.784
56.975
28.287
28.317
36.604
21.361
54.810
60.550
54.832
40.032
9.772
33.128
86.539
50.140
35.459
23.462
57.205
39.000
38.023
10.118
29.011
5.151
45.637
45.484
35.483
37.503
37.312
29.339
29.403
43.032
52.082
44.214
51.744
51.665
56.022
73.027
28.203
20.771
36.569
21.351
21.336
24.558
24.500
40.085
12.054
33.084
36.720
86.593
25.509
86.666
45.072
50.140
27.684
23.462
57.175
81.421
81.134
38.023
37.770
29.011
45.706
45.499
77.698
77.681
77.780
35.447
37.379
29.572
40.523
42.905
44.267
44.233
39.534
49.734
49.334
51.771
81.092
41.048
42.372
21.616
37.742
8.681
21.241
21.286
24.429
24.620
78.874
9.785
12.054
33.084
52.595
73.101
56.714
36.720
36.658
25.396
86.671
45.059
22.740
27.696
59.512
59.978
8.594
37.770
56.774
46.409
45.494
77.627
77.601
77.688
77.610
37.486
29.394
60.366
42.993
39.209
28.644
73.380
49.721
51.693
51.753
61.325
21.604
21.616
37.598
8.674
8.477
36.646
36.453
21.241
21.286
24.765
24.609
40.059
12.054
33.084
52.493
52.641
52.618
36.661
45.200
56.848
27.692
62.744
24.367
79.459
59.953
59.978
8.594
37.947
56.774
56.735
21.123
47.819
77.639
77.765
35.396
37.459
37.392
29.398
40.435
40.519
39.447
39.086
15.874
28.644
28.675
68.796
68.736
8.511
49.724
49.637
20.550
26.321
61.331
61.311
21.616
37.577
43.346
4.269
8.657
8.578
36.662
36.507
21.326
21.334
24.329
24.476
40.073
12.054
52.468
52.645
52.091
89.510
89.524
44.916
86.644
86.628
86.646
89.325
45.189
39.835
40.892
12.226
27.760
62.769
24.367
41.284
41.233
59.973
56.808
56.772
56.714
56.830
21.123
47.819
31.426
77.670
77.714
77.773
37.459
29.362
40.454
27.098
15.819
15.842
32.461
32.454
28.710
64.973
68.774
68.779
68.722
8.511
49.669
49.711
20.639
20.550
36.145
4.731
61.285
21.460
37.840
37.761
43.346
4.076
8.657
8.652
36.647
36.606
24.450
24.313
24.489
52.591
49.415
89.469
44.931
44.832
44.862
29.112
25.333
86.543
40.892
51.396
51.441
51.471
62.810
62.766
62.777
62.822
48.025
46.595
59.961
63.934
56.750
56.710
21.109
78.675
77.709
77.695
77.772
40.445
69.695
27.033
39.252
39.296
30.613
15.588
15.842
32.461
28.658
76.870
64.802
68.814
68.748
8.511
49.690
49.774
49.762
20.619
61.297
37.704
71.306
7.576
22.845
36.604
49.443
19.619
52.609
85.843
44.975
44.979
29.112
82.302
72.394
83.624
50.161
62.812
62.806
62.781
62.811
30.260
65.629
56.779
56.743
52.249
56.657
52.524
21.090
31.269
16.161
69.643
69.716
69.640
70.802
39.067
39.127
30.564
15.675
32.493
17.136
64.860
64.678
68.785
68.809
68.746
68.743
8.511
49.690
51.660
20.706
30.406
63.606
61.312
21.477
37.728
7.576
22.804
22.866
72.449
19.795
1.658
44.957
58.760
29.165
17.536
51.412
50.592
50.537
62.793
62.810
20.924
14.689
82.062
86.892
78.004
78.077
56.755
56.603
52.015
52.161
77.751
77.828
49.453
69.736
69.697
69.709
70.865
70.759
70.869
30.512
15.831
32.382
9.562
64.860
64.942
10.902
68.785
75.283
75.240
20.706
22.833
22.773
22.911
22.880
72.327
19.651
89.676
8.798
76.104
76.196
76.112
75.708
58.912
45.529
53.288
6.757
31.455
50.617
50.425
50.577
62.807
62.790
62.713
62.210
62.108
62.126
82.029
82.044
87.522
78.106
7.914
52.257
56.715
51.915
52.240
77.903
77.794
49.526
49.349
48.810
69.701
70.592
70.857
70.946
30.582
15.820
32.382
32.491
15.676
64.968
75.216
75.279
75.380
75.290
11.766
7.586
22.773
72.465
19.766
89.790
89.767
89.464
76.140
75.932
76.141
42.733
60.282
45.440
45.529
47.305
7.559
17.552
40.819
50.554
63.542
24.979
64.244
62.174
62.091
62.154
9.705
82.190
87.475
87.469
78.015
26.352
26.301
30.719
48.249
52.201
52.172
77.718
77.492
77.498
49.546
48.815
48.739
71.673
70.781
70.810
70.867
70.868
15.820
32.475
45.333
30.475
34.163
9.574
59.973
75.363
75.255
75.290
86.449
81.136
30.029
7.586
22.866
22.863
22.862
50.208
89.756
89.681
89.671
76.053
75.991
75.979
42.641
42.612
60.245
60.287
60.169
60.224
45.422
29.432
7.650
7.559
41.147
65.495
74.349
31.313
62.208
9.730
82.012
87.469
87.608
9.238
87.581
26.220
26.220
22.381
52.260
56.288
77.776
49.532
49.473
48.704
48.734
27.075
27.062
70.899
70.893
32.433
30.452
34.182
9.574
58.169
10.749
75.337
75.207
75.317
86.368
86.491
86.461
63.562
7.585
50.215
6.145
89.723
89.710
76.173
76.027
42.661
60.256
60.284
17.547
45.430
45.471
27.754
17.485
41.147
27.619
81.948
44.383
31.310
21.947
66.516
9.730
75.890
87.420
87.537
87.465
85.799
87.591
25.872
26.300
26.315
25.682
51.990
56.323
53.885
34.146
76.951
77.774
49.532
48.811
48.691
43.973
70.845
70.857
30.116
30.463
34.263
34.185
34.670
10.816
74.993
75.330
27.658
69.496
69.519
89.694
30.016
7.585
50.129
50.111
6.145
89.665
76.060
76.171
76.084
42.774
42.715
60.284
17.547
49.976
7.533
7.594
17.520
5.607
28.782
25.030
67.149
26.241
65.144
56.342
68.086
34.146
70.056
29.366
77.790
76.962
48.799
48.728
43.907
43.963
30.097
30.375
34.177
34.581
34.208
40.939
10.733
51.587
65.147
75.308
84.544
29.973
5.620
89.676
8.596
38.107
42.613
7.634
53.416
25.086
67.149
26.332
25.698
16.541
17.201
70.056
33.984
48.329
48.753
43.857
43.864
30.311
30.453
34.227
34.216
81.327
84.294
84.502
82.179
69.518
69.449
30.038
30.060
50.115
56.174
56.030
8.596
8.605
5.285
12.196
27.774
81.888
25.136
24.988
25.137
15.422
25.698
34.144
69.102
33.984
21.317
48.637
43.866
43.787
34.233
84.349
84.405
84.479
22.147
82.284
82.118
14.749
69.481
32.145
56.108
26.664
16.145
23.162
17.591
12.196
12.129
27.774
81.800
25.065
25.040
81.776
81.755
70.932
82.449
82.452
82.468
34.144
41.573
13.479
83.515
83.509
83.462
48.679
48.822
43.738
43.845
15.251
27.237
22.091
32.086
32.094
32.100
30.061
0.000
56.111
56.157
56.055
56.003
5.377
17.566
12.229
8.150
4.622
81.777
81.716
25.066
87.893
47.413
71.053
71.101
70.893
13.215
71.017
70.892
12.826
14.384
12.949
33.961
83.495
83.615
48.822
32.090
29.047
8.781
56.144
21.864
21.870
7.995
43.488
44.160
12.160
12.246
89.040
74.927
24.269
13.215
70.155
70.902
12.949
84.676
33.994
83.573
32.147
32.146
29.047
0.000
18.271
8.515
21.877
8.512
8.625
12.160
16.577
70.963
71.052
70.774
59.262
47.509
14.384
12.949
17.356
45.539
66.369
32.161
36.506
31.245
29.047
0.000
28.176
25.169
25.226
8.610
21.902
21.877
10.284
10.178
8.214
21.286
88.701
88.689
62.807
70.970
70.926
14.463
18.686
59.455
59.463
47.294
47.612
17.411
33.644
36.400
68.236
70.748
23.538
41.826
41.955
25.169
25.275
21.902
10.178
32.323
87.754
61.118
6.876
62.918
50.660
24.870
30.777
20.385
59.458
30.474
45.536
45.498
45.487
82.829
86.033
86.036
86.103
25.931
25.951
68.207
68.316
23.637
60.627
60.048
41.777
13.650
41.955
41.873
25.616
33.059
44.865
82.148
82.263
82.176
82.187
82.212
62.832
14.826
22.612
20.963
50.714
50.852
35.502
25.087
47.545
47.675
30.443
54.730
45.514
45.499
86.180
11.971
25.951
25.955
68.247
68.247
23.553
37.900
59.901
41.775
41.764
41.785
25.189
25.620
17.003
10.029
32.417
61.139
44.804
44.838
60.126
22.909
20.605
20.976
50.656
50.751
45.284
4.283
47.606
14.544
45.481
85.706
85.751
10.523
87.516
40.058
11.959
22.057
36.390
68.242
68.239
23.500
23.652
59.994
42.026
42.059
25.200
25.620
16.768
67.308
41.057
10.029
32.305
61.137
44.786
44.838
8.249
56.154
55.760
43.114
11.425
75.749
22.619
22.702
19.803
20.973
50.637
68.870
68.689
4.277
55.109
30.693
27.014
45.459
85.803
85.736
85.902
85.997
10.523
86.019
49.168
87.516
88.528
88.429
88.429
21.968
22.090
36.471
68.280
23.500
23.652
41.860
42.061
15.380
44.910
45.231
25.589
67.285
67.285
32.362
61.117
61.088
58.057
8.359
75.631
75.755
22.556
20.959
20.986
50.666
65.296
4.277
55.082
55.103
87.568
21.042
24.521
83.906
85.761
85.835
85.830
10.523
86.041
86.129
49.276
49.185
63.215
88.534
88.593
88.550
88.419
21.968
22.491
16.104
36.414
75.962
41.833
23.089
18.091
77.421
73.561
24.817
24.843
15.395
45.230
44.949
25.649
25.617
10.857
32.538
7.572
9.893
44.780
44.865
61.566
8.357
21.459
2.548
43.138
75.675
75.727
75.732
20.959
20.978
17.307
17.145
88.896
4.277
81.580
55.058
87.693
87.664
87.725
20.894
24.521
26.987
85.831
49.182
63.299
88.484
88.406
21.635
23.486
21.968
22.061
46.242
13.267
75.962
41.852
41.826
18.042
18.100
18.102
7.573
24.859
24.861
50.331
15.405
89.375
25.649
25.540
9.668
9.907
70.921
32.297
54.974
7.624
9.922
8.357
21.427
2.557
43.162
75.674
75.627
11.307
12.570
17.145
24.030
42.252
15.260
57.088
87.605
87.623
87.892
87.740
21.046
57.968
13.182
46.130
24.521
85.762
57.110
55.722
49.207
49.168
49.252
63.281
50.811
16.099
75.962
29.671
29.715
35.451
5.371
18.096
12.557
18.100
32.462
32.316
7.616
24.804
15.421
15.415
42.154
25.566
89.334
9.854
9.907
61.163
7.586
82.276
82.939
21.489
75.701
70.917
75.783
75.653
9.830
11.273
12.570
17.286
30.093
87.837
55.119
87.625
55.135
88.161
21.024
88.043
58.010
4.371
58.611
59.249
74.518
74.518
74.349
49.317
49.228
7.757
63.183
6.600
23.483
16.287
50.840
46.243
26.030
71.329
29.671
35.357
35.510
18.044
18.055
32.414
32.403
7.598
7.616
24.822
15.421
15.454
82.364
9.907
22.420
7.641
82.785
82.803
82.838
21.611
2.581
43.139
75.702
75.750
71.938
23.098
11.284
12.570
73.754
12.847
26.367
26.276
88.273
88.176
88.082
26.999
58.788
74.363
74.428
12.799
51.320
53.101
35.502
18.061
18.068
32.415
32.395
32.393
7.838
67.316
3.378
39.590
22.447
7.638
50.077
21.407
2.700
71.863
75.721
71.805
12.570
17.167
38.504
38.491
78.354
78.270
78.133
88.092
88.173
88.269
4.371
58.555
58.534
74.334
74.358
12.799
50.736
28.672
87.810
76.929
77.059
26.099
26.135
61.826
35.392
4.984
32.426
32.384
7.838
67.273
89.565
70.768
70.806
44.311
34.451
23.833
21.312
2.700
71.881
71.881
75.721
71.807
11.280
7.848
41.145
30.130
23.048
13.157
78.218
78.249
78.228
78.192
78.179
88.072
87.220
87.465
17.496
58.544
28.675
48.613
48.592
34.414
21.798
76.886
77.019
76.921
80.506
61.824
35.348
4.984
32.426
19.542
67.307
70.833
21.384
18.756
34.451
34.451
34.475
22.415
2.700
71.942
71.858
71.831
71.842
20.177
61.419
38.583
51.569
87.828
78.226
78.164
78.194
88.125
87.873
88.166
8.594
58.521
32.852
51.703
75.736
48.584
48.615
48.592
38.352
38.447
76.910
76.850
65.073
65.033
80.855
76.077
5.035
19.273
19.542
13.129
37.937
26.827
21.359
70.829
46.093
34.470
34.449
69.114
50.109
44.942
20.157
20.128
36.212
38.583
49.434
57.909
57.920
88.012
88.166
56.562
56.673
8.594
12.830
12.813
10.170
19.243
48.630
28.679
39.737
39.771
21.934
76.947
65.029
65.061
67.948
51.597
19.280
19.419
13.129
70.761
70.867
21.346
34.470
34.455
69.068
22.415
75.339
82.910
75.273
15.424
44.077
50.153
88.073
88.032
88.084
45.041
44.961
48.956
28.792
20.098
36.212
23.156
77.586
77.553
57.885
57.917
57.919
57.942
53.955
56.673
8.603
32.553
12.813
79.157
10.131
75.751
19.243
48.665
39.736
39.804
39.784
76.947
76.924
80.919
65.066
65.021
64.918
88.839
5.109
19.280
19.485
19.546
19.436
13.129
27.344
31.430
69.093
69.137
75.071
75.339
75.194
15.382
66.258
45.087
29.201
20.167
35.619
51.159
51.921
77.598
78.774
78.156
77.519
58.016
57.930
57.934
58.058
5.766
28.453
65.700
38.208
83.555
51.582
88.204
87.717
87.674
47.485
75.484
19.284
48.682
44.463
39.706
39.781
39.817
21.865
22.337
80.620
81.041
80.919
10.912
88.743
88.743
5.109
19.284
19.548
60.754
60.938
21.383
21.353
84.162
46.408
45.737
69.450
69.105
67.646
78.445
75.255
15.480
75.495
45.171
44.964
44.992
31.289
51.584
77.666
78.061
58.009
57.994
19.088
58.049
58.024
28.466
65.758
65.788
65.628
35.812
72.380
51.468
51.564
51.557
79.191
79.239
79.136
46.534
47.505
47.465
20.838
75.715
44.453
31.074
89.159
39.726
21.137
13.228
19.530
40.855
64.818
88.697
88.745
88.776
19.355
60.642
72.401
23.311
33.992
46.408
46.408
45.755
69.203
69.131
75.384
75.240
75.311
15.449
50.049
61.602
44.989
51.630
51.701
5.681
77.627
58.136
57.881
19.088
57.888
57.896
73.710
28.452
65.619
65.618
86.710
86.673
86.780
51.468
51.461
51.546
51.534
47.716
47.469
75.836
19.331
44.443
46.980
39.814
39.764
17.693
22.856
64.621
64.891
88.728
88.808
88.824
19.347
46.862
34.081
23.289
67.235
51.604
75.379
75.331
16.811
15.480
48.636
50.082
66.541
5.685
77.627
57.955
57.920
73.739
28.443
64.475
58.323
86.736
15.060
51.500
51.585
47.610
47.603
47.425
19.331
44.354
40.965
46.980
44.573
13.223
15.038
26.367
17.693
22.856
55.884
64.909
64.605
65.014
88.729
88.873
88.709
21.768
19.347
19.415
2.550
73.062
34.058
72.962
18.210
55.300
55.262
43.384
74.115
88.391
75.364
75.331
16.832
85.216
17.390
5.548
64.504
58.436
33.062
35.412
51.598
51.487
51.602
47.548
47.505
47.355
20.719
56.358
19.306
40.965
47.018
47.008
30.295
39.768
39.725
26.291
55.910
40.845
64.688
64.908
65.086
88.535
46.883
46.873
72.980
72.947
55.238
55.344
43.280
74.191
51.580
89.557
16.821
89.166
17.390
5.548
7.530
19.084
64.469
28.502
15.044
71.957
51.531
51.584
51.616
51.489
47.538
47.532
20.719
56.358
13.419
56.318
61.001
47.034
13.198
55.953
64.907
49.908
49.797
46.901
73.111
72.935
55.332
73.180
43.501
22.365
72.947
74.080
17.448
86.340
17.391
7.530
35.768
56.387
33.104
32.817
44.630
11.734
51.513
18.550
20.916
13.585
56.318
29.769
30.383
46.995
22.990
43.780
64.958
26.179
2.550
49.797
72.913
73.070
55.351
55.358
55.292
43.538
43.466
72.708
42.859
54.590
17.461
17.348
29.389
35.768
86.279
86.440
33.104
32.863
56.467
53.200
44.734
44.814
11.734
69.928
20.690
18.609
12.501
20.916
29.769
30.396
30.517
26.248
64.926
2.550
46.884
73.682
72.406
44.799
43.553
74.158
74.275
74.241
42.867
49.236
54.539
54.476
17.468
17.364
35.768
9.841
86.285
86.493
53.083
44.720
44.786
20.667
20.916
45.337
30.517
20.498
64.377
22.926
26.217
49.776
68.784
45.012
44.799
44.976
42.862
73.779
14.075
25.561
54.569
88.656
63.762
17.468
28.003
39.925
29.747
35.744
26.844
9.848
33.012
53.055
44.720
44.621
42.340
21.057
13.577
21.145
59.441
20.498
22.916
26.179
20.868
81.784
81.844
44.689
44.968
44.976
27.272
13.631
74.183
42.902
22.608
25.561
89.070
63.613
28.099
28.084
85.103
85.053
29.733
19.100
18.346
9.835
8.613
26.240
30.242
44.663
60.503
59.168
24.478
21.031
15.312
20.500
29.356
26.263
20.868
81.756
32.050
81.870
45.003
44.946
69.309
22.608
22.642
63.648
63.695
28.093
85.174
40.267
85.094
85.157
10.192
18.408
26.821
9.835
29.247
50.702
52.981
52.997
44.590
15.749
88.272
24.478
24.825
29.852
29.359
81.756
81.815
60.004
44.865
18.084
22.593
22.623
26.175
63.652
63.573
4.292
44.318
2.586
35.046
40.274
40.235
40.302
85.115
65.823
10.199
18.409
68.970
86.220
29.256
29.266
53.003
44.619
44.644
1.101
71.125
58.937
59.210
24.842
24.585
24.841
21.173
19.440
71.910
75.014
53.427
55.034
17.464
70.029
26.128
81.864
9.726
88.900
44.931
81.694
87.183
87.009
87.143
6.868
4.292
35.075
84.772
40.268
33.303
33.270
33.291
10.199
84.167
86.275
29.271
45.560
59.092
59.051
35.573
24.570
24.841
25.056
19.541
71.798
55.034
17.464
57.350
70.088
29.254
26.128
81.890
81.729
20.928
79.192
22.706
22.460
4.266
34.932
35.023
84.240
40.327
33.301
33.326
33.306
19.162
10.198
83.879
86.131
86.178
4.228
66.919
66.955
66.981
24.809
30.842
25.044
71.932
71.796
27.772
55.197
69.713
69.985
69.985
77.461
77.581
77.462
81.853
21.004
20.881
22.662
22.460
4.132
4.266
34.936
35.015
38.049
40.297
40.297
33.252
0.462
29.648
10.240
67.694
67.595
72.584
50.318
66.919
35.752
67.021
25.114
25.060
19.742
69.736
88.831
69.971
77.451
77.392
20.991
51.575
33.224
21.980
4.134
2.550
22.572
26.834
37.978
38.033
38.049
33.316
33.257
33.300
19.156
67.677
67.614
67.595
81.860
72.587
72.576
15.911
75.778
75.946
66.923
66.894
66.938
71.104
71.025
74.632
69.873
69.956
69.893
52.298
20.991
20.846
48.146
63.227
19.567
48.105
22.625
2.550
22.539
26.928
37.988
37.996
28.956
52.255
10.201
67.695
60.993
64.063
72.573
15.779
72.442
76.011
75.893
75.913
66.938
66.955
66.911
71.073
71.061
71.111
71.002
55.157
69.931
69.956
69.920
52.309
6.243
20.746
73.135
63.736
63.731
63.861
26.839
81.953
42.065
67.567
60.908
10.979
60.741
15.659
17.141
61.869
24.905
30.417
51.593
36.328
76.780
66.895
66.989
66.905
66.879
52.224
71.078
82.194
82.141
71.070
69.715
69.927
52.330
20.948
20.653
48.108
48.248
63.725
63.807
28.909
36.991
24.086
67.537
67.561
88.501
17.046
60.795
60.732
88.317
88.305
51.192
75.457
75.919
75.932
66.949
29.505
52.122
52.236
3.832
34.841
31.709
71.103
82.167
71.113
88.870
87.377
52.268
20.927
20.611
63.375
48.227
48.088
63.174
63.738
28.876
24.091
24.145
67.537
67.558
56.702
56.692
77.876
17.046
35.906
88.070
51.333
51.582
51.590
75.589
76.059
50.097
52.293
52.100
87.939
82.151
71.205
88.684
35.775
87.451
52.313
65.117
48.147
52.419
4.860
26.945
24.150
56.659
18.165
60.684
25.436
88.314
16.052
88.274
88.338
88.301
50.838
51.526
75.850
75.989
75.742
45.224
45.209
26.323
52.235
52.207
52.079
34.829
82.313
69.572
83.642
80.998
80.955
80.979
81.015
48.091
48.172
42.740
44.201
4.860
28.924
54.720
23.787
24.155
24.150
56.657
79.140
16.052
88.907
50.718
51.785
51.537
45.260
26.323
52.694
52.094
34.845
80.005
80.976
80.975
81.076
48.228
43.287
43.348
43.371
30.928
30.966
23.765
23.788
24.141
48.313
47.884
79.658
79.711
63.339
78.852
1.959
88.339
88.261
88.285
51.785
45.134
45.046
45.162
45.202
52.334
52.141
81.723
81.775
76.840
81.092
80.943
69.812
48.228
43.295
43.251
47.665
68.649
68.644
23.765
48.113
38.861
79.892
79.489
79.258
24.873
81.501
81.566
13.001
45.121
45.172
45.166
80.927
80.943
80.969
80.960
72.779
43.529
43.421
43.301
68.622
30.951
30.944
16.651
23.399
23.788
23.799
63.714
48.268
48.041
63.287
79.537
79.105
79.129
30.897
24.911
81.582
81.509
81.474
81.571
68.529
68.497
45.101
45.343
45.201
81.754
72.779
43.490
43.445
68.663
68.681
30.928
16.651
39.911
26.924
63.786
63.798
64.075
48.026
47.792
79.171
53.561
79.672
47.708
82.518
81.582
81.463
81.709
20.886
68.617
45.200
45.214
19.143
86.463
50.184
43.367
43.356
43.447
67.346
68.037
23.729
23.770
63.749
17.529
47.889
79.061
53.553
79.675
79.728
47.708
81.571
55.962
68.679
68.582
68.519
45.200
49.537
19.170
50.291
50.400
23.729
23.770
26.898
16.638
63.557
21.002
36.603
79.970
79.753
79.712
81.611
81.606
69.911
68.599
68.480
68.480
68.567
49.505
49.454
15.576
5.877
50.510
66.699
50.217
17.689
23.729
78.815
78.874
84.846
85.045
84.969
79.809
79.710
79.609
47.741
47.966
81.602
68.541
68.562
29.103
49.507
49.468
23.062
5.877
50.364
18.097
50.301
58.352
22.399
26.906
35.623
84.925
84.912
74.334
84.916
77.496
77.407
16.812
77.455
36.627
79.609
48.550
47.752
47.968
27.308
68.512
68.519
68.556
59.564
15.595
50.302
50.296
50.297
22.352
89.320
89.358
77.310
77.488
77.317
16.812
79.609
48.590
47.797
66.558
68.529
68.533
29.014
49.453
51.587
50.365
18.154
26.850
26.857
89.257
89.071
89.265
89.732
89.288
63.018
48.590
47.808
43.013
68.533
29.114
51.587
65.944
18.153
47.375
51.915
69.244
75.970
49.853
88.942
89.418
66.772
89.811
89.882
43.014
29.114
72.856
9.881
18.136
47.377
47.389
47.375
6.225
51.952
48.588
49.839
50.097
89.311
89.326
89.388
66.810
66.153
58.253
89.822
89.705
2.022
41.777
22.957
57.519
18.178
47.274
60.911
58.469
49.831
50.084
66.325
66.156
89.919
89.808
89.809
89.914
42.857
42.756
71.147
65.851
54.250
54.179
47.432
47.473
68.826
19.847
49.840
50.109
66.630
66.779
66.714
66.308
89.929
89.958
42.862
20.171
65.902
65.820
65.847
54.296
54.172
54.275
54.218
47.419
37.201
19.847
43.528
23.017
66.678
66.513
66.629
89.785
89.889
42.791
20.171
54.093
73.902
74.017
65.843
20.084
18.903
43.530
45.046
23.036
66.587
66.760
66.726
89.816
89.871
17.489
54.289
53.493
54.256
49.472
74.084
24.431
74.033
19.783
17.201
35.275
35.510
23.018
66.722
23.718
17.489
43.779
43.759
43.591
43.845
53.226
53.089
25.489
49.431
49.494
49.447
74.071
74.086
18.847
35.495
35.930
23.032
23.058
23.012
46.385
23.336
43.707
43.818
43.678
43.852
53.180
53.109
25.489
49.418
49.416
4.393
74.058
25.571
35.583
35.792
23.022
23.029
43.745
43.840
9.290
19.941
53.137
26.030
80.333
74.066
35.264
23.022
23.316
43.825
43.899
8.024
19.922
53.149
77.999
26.095
77.961
35.607
35.650
35.571
16.139
43.786
39.597
19.932
53.148
77.916
78.000
78.028
77.958
35.888
35.398
15.577
43.749
39.562
39.614
53.152
53.148
77.957
77.877
77.925
6.786
35.938
35.493
43.749
38.929
39.563
39.506
77.876
35.794
35.901
16.100
43.873
38.632
39.453
39.896
19.204
35.880
43.409
43.734
38.997
62.902
39.444
39.896
19.937
35.868
21.331
43.277
43.735
38.976
62.810
21.939
39.683
35.854
43.354
43.576
38.880
62.904
62.782
62.876
21.939
22.755
17.598
17.586
43.670
43.596
63.036
62.988
22.704
30.794
53.939
43.596
62.918
62.908
21.930
22.726
23.824
30.794
54.947
54.804
17.558
53.939
62.905
21.869
23.824
42.298
54.865
54.796
17.538
17.495
17.467
62.913
21.972
23.336
30.793
54.661
22.139
17.559
31.010
54.999
54.847
54.915
17.534
17.572
21.971
30.969
55.063
54.785
54.845
17.657
21.972
30.770
54.840
54.845
30.777
30.777
14.997
38.230
38.174
38.194
14.977
14.946
38.261
38.182
14.928
38.143
38.168
38.186
39.443
14.955
50.993
17.356
23.000
3.273
39.443
14.955
51.095
50.922
17.369
39.140
39.143
22.964
82.721
38.933
39.028
51.013
51.105
17.369
17.380
39.115
39.133
22.997
23.024
82.779
82.779
38.911
51.035
51.205
17.405
17.366
39.098
39.175
23.077
25.381
82.722
32.049
17.405
23.077
25.425
82.674
82.509
2.683
38.949
32.012
31.943
51.077
29.863
50.148
25.347
25.429
60.033
23.755
23.730
39.105
32.025
32.272
38.154
86.112
29.860
25.453
25.429
48.523
40.085
23.755
23.730
39.019
32.071
33.050
57.578
46.542
29.896
25.417
16.220
48.532
24.866
40.040
40.069
20.071
20.110
23.657
23.725
28.757
28.800
32.140
31.907
57.543
57.573
37.381
29.884
25.428
16.555
48.473
61.704
20.110
23.657
23.733
28.759
28.725
23.649
19.982
57.585
56.990
77.319
29.889
29.897
48.563
48.486
40.045
61.704
20.027
28.696
28.740
23.259
23.636
47.826
22.993
22.682
19.931
19.938
57.582
34.906
66.020
25.228
7.485
48.523
46.835
24.752
86.228
40.053
61.705
61.708
28.714
28.622
23.571
23.810
22.663
19.955
19.869
54.459
34.837
35.020
34.897
29.187
66.020
25.052
25.228
25.228
7.490
46.812
46.999
77.217
77.292
24.751
24.753
61.758
61.727
61.659
8.578
28.730
28.719
23.617
23.737
39.541
23.130
22.535
22.997
19.955
19.883
85.697
58.983
57.123
34.832
85.282
27.960
25.231
30.320
7.565
46.809
46.779
77.255
77.158
77.313
77.230
24.766
24.715
29.514
86.479
86.544
61.730
61.708
37.877
28.746
23.576
23.721
14.891
17.445
23.130
22.945
19.868
85.808
85.618
34.855
5.832
46.862
46.797
43.711
77.277
77.049
76.600
77.247
30.206
30.260
24.632
24.710
86.608
86.336
86.469
68.739
61.696
23.622
29.750
68.328
14.852
17.000
22.945
85.742
85.852
85.599
85.769
53.066
45.728
34.843
29.801
34.836
5.832
58.253
58.277
57.364
46.708
46.766
73.501
77.249
77.429
77.483
30.301
30.174
24.632
29.604
86.507
61.686
86.531
51.441
37.916
20.339
23.637
29.759
17.013
85.557
85.730
85.604
52.812
52.822
30.279
34.863
34.913
5.846
58.184
58.330
57.366
57.407
30.732
46.829
46.759
77.217
77.267
35.012
35.041
30.260
30.184
24.632
29.678
86.442
61.717
51.441
37.903
68.872
57.667
68.437
45.658
29.917
16.982
85.770
85.746
85.864
85.631
52.859
52.826
30.078
29.618
47.113
58.181
57.425
57.407
8.663
30.733
46.798
77.279
77.253
35.127
24.807
25.537
25.633
61.717
37.873
20.364
57.585
68.331
25.132
85.636
19.959
85.581
52.152
52.817
30.275
30.259
9.460
58.287
57.395
57.379
24.782
8.615
30.708
30.715
30.361
35.121
66.797
24.811
25.633
15.328
15.300
35.205
57.652
57.666
68.227
68.357
68.357
10.437
16.993
52.187
52.298
65.368
65.343
30.262
5.473
21.028
57.379
11.216
30.690
30.713
30.715
35.093
34.997
55.427
55.503
29.584
15.328
15.353
57.703
68.322
68.430
17.788
22.221
34.878
52.312
52.248
65.309
65.314
29.676
19.788
25.459
57.459
21.041
57.445
24.739
58.799
58.841
58.761
0.000
56.850
8.658
42.677
35.008
55.482
55.482
55.539
55.553
25.610
25.632
15.303
51.122
57.652
60.010
24.136
6.150
22.183
77.383
52.166
52.147
65.591
41.198
51.473
33.470
33.496
21.011
59.453
70.485
24.767
58.751
58.756
0.000
86.323
45.658
11.072
59.372
55.485
71.918
55.537
59.134
59.134
30.768
25.632
15.317
29.945
28.114
25.365
57.730
24.215
18.944
22.183
5.154
28.499
28.473
52.150
52.155
52.146
52.141
65.296
65.382
65.267
85.383
4.696
33.446
33.470
33.496
21.094
21.102
24.704
58.740
58.695
58.666
0.000
86.241
86.252
6.285
80.769
53.584
53.605
51.130
59.503
59.122
25.652
37.520
15.254
29.945
28.087
28.102
25.365
25.298
57.681
80.544
24.215
77.372
21.419
5.154
28.470
28.485
52.168
65.280
41.198
41.205
85.387
2.096
19.876
33.419
33.424
18.934
24.691
58.742
58.752
0.000
56.904
53.573
53.547
13.174
51.463
25.695
11.068
59.036
59.038
37.520
37.571
29.830
30.018
28.171
28.087
25.595
25.310
57.681
79.991
80.436
80.430
72.751
31.946
5.154
17.503
28.599
41.243
84.950
85.508
85.417
85.503
53.185
7.618
25.590
51.382
24.778
27.000
26.869
58.738
0.000
53.521
53.626
53.584
15.229
15.243
14.734
27.096
28.449
11.042
11.033
54.283
59.022
59.045
59.047
8.099
37.540
37.589
29.833
30.018
28.104
21.753
80.512
64.513
80.423
80.642
81.094
28.599
30.043
41.235
41.252
84.907
51.568
53.372
53.185
7.618
33.500
33.500
33.461
33.449
27.006
26.869
0.000
53.600
13.171
15.257
15.259
28.449
11.042
26.775
59.063
59.089
59.103
37.540
28.149
27.715
29.998
25.298
25.326
39.341
66.727
30.912
30.977
80.566
5.282
81.070
28.455
2.633
30.043
36.766
41.321
41.197
85.410
85.417
53.418
53.353
33.500
33.461
26.096
26.974
39.906
42.880
12.900
11.198
16.652
23.896
50.115
55.093
54.595
68.598
37.495
28.149
29.837
39.418
80.539
80.539
30.907
30.977
30.716
83.210
5.282
80.953
33.602
30.086
29.969
81.994
36.728
36.766
27.790
84.786
67.455
7.652
54.016
37.946
39.906
13.097
15.241
15.204
42.880
33.704
8.372
11.198
29.557
22.343
72.094
46.787
50.115
55.200
83.390
83.357
68.512
68.612
34.725
37.210
37.640
37.492
71.124
30.080
30.021
25.319
63.259
39.265
39.361
29.544
30.821
30.716
21.580
81.042
37.197
37.046
76.887
76.829
76.887
67.371
22.055
8.626
85.430
67.453
67.372
67.474
27.134
34.073
39.906
13.097
22.667
28.449
17.729
11.154
49.181
29.578
22.343
72.921
41.827
66.260
49.217
83.445
83.349
83.370
68.556
68.712
49.338
37.486
36.955
71.106
71.153
71.158
27.842
30.026
30.021
13.034
29.005
30.919
74.357
83.333
83.296
88.295
81.002
40.119
33.789
37.083
1.639
76.927
76.967
76.737
76.875
30.184
76.825
76.826
82.974
43.456
8.683
30.351
67.496
67.366
67.467
53.418
7.637
35.082
35.206
27.051
27.276
35.436
15.392
22.709
11.158
11.154
53.927
33.902
29.502
22.409
55.363
83.300
35.484
10.554
68.638
49.401
49.295
34.731
36.955
71.044
71.175
27.889
41.100
30.135
30.021
63.445
13.024
63.317
41.364
29.019
74.389
74.321
74.396
30.972
83.202
79.634
79.594
27.288
37.083
1.639
75.422
76.910
76.811
76.711
76.863
43.418
43.602
8.646
31.241
30.156
27.767
67.395
67.513
7.637
78.843
78.843
35.099
63.218
63.103
61.973
29.214
15.336
15.012
33.909
16.637
22.426
21.055
83.437
83.254
49.390
49.329
71.221
27.869
41.116
41.110
30.047
63.399
19.467
63.304
41.292
41.641
29.093
74.339
74.372
83.238
79.580
40.066
58.711
39.784
43.423
43.602
36.729
30.068
46.534
67.353
64.182
57.501
57.420
35.106
35.167
32.577
41.644
29.274
5.061
33.943
21.069
21.015
19.733
83.360
83.271
83.415
82.978
68.632
4.426
71.045
71.152
71.115
41.035
41.017
63.421
1.895
32.546
41.387
41.610
74.296
74.354
21.693
79.684
79.561
79.628
79.579
7.774
22.114
43.433
43.473
43.595
8.566
46.384
28.135
67.396
57.458
57.455
37.095
35.158
47.706
5.045
33.935
21.054
20.969
83.271
83.338
83.283
35.518
49.226
49.406
4.426
34.692
77.529
77.605
41.229
77.647
37.975
39.540
63.380
63.455
1.895
32.534
41.575
41.657
86.188
86.240
42.803
45.780
31.402
31.474
31.558
71.461
43.397
28.434
43.359
8.566
86.512
86.941
12.402
57.419
16.773
57.441
57.434
89.492
40.176
35.470
47.394
5.014
21.045
51.006
9.857
49.705
58.565
76.383
77.629
41.025
39.067
38.022
63.434
27.229
41.707
41.467
45.708
45.590
45.632
31.402
71.461
43.544
43.460
82.910
79.694
83.982
57.363
16.773
57.466
57.455
89.501
35.483
52.593
35.505
47.595
79.692
4.916
42.806
23.719
26.652
18.062
11.652
19.888
32.198
49.413
48.062
88.714
77.618
37.966
32.513
9.003
41.610
42.744
26.871
26.871
40.714
45.587
45.351
45.670
22.137
31.537
31.480
64.975
12.366
43.434
43.457
43.471
84.023
86.985
82.891
82.853
57.478
88.301
89.501
89.485
81.798
35.492
44.531
42.888
42.929
23.783
11.902
84.741
17.650
32.260
31.925
88.719
88.623
42.019
29.556
29.556
59.609
59.664
32.513
9.003
3.690
30.370
41.610
41.556
42.693
42.602
26.250
45.560
45.495
45.570
31.503
28.471
64.846
65.033
64.828
12.366
45.580
53.217
84.045
17.798
72.168
83.000
82.988
29.069
29.104
89.463
81.843
81.851
81.783
30.166
42.888
42.899
23.560
23.687
75.808
38.815
31.655
18.412
84.927
84.821
84.912
73.351
73.169
88.717
73.465
38.066
29.569
59.672
59.652
59.664
3.686
42.518
26.171
26.250
26.200
45.515
80.794
80.937
64.961
55.102
55.120
12.372
83.959
83.981
84.050
53.685
84.722
82.990
82.919
82.915
15.793
29.069
62.006
86.852
86.785
86.773
26.947
85.916
81.852
81.821
81.729
81.734
44.583
23.678
23.750
37.208
37.162
17.400
38.815
37.685
9.672
41.886
86.408
86.422
86.433
84.252
78.990
88.619
88.570
73.254
88.666
88.557
25.377
23.242
10.083
59.591
59.687
8.963
8.980
3.571
31.087
42.518
42.735
26.796
26.094
26.258
26.307
30.847
59.331
80.842
65.811
55.157
84.192
25.434
62.021
86.954
86.847
86.833
86.897
86.786
81.893
81.865
73.740
81.731
0.000
23.687
37.242
37.151
37.332
17.441
34.378
38.581
12.769
41.954
63.865
42.179
31.154
86.401
86.517
86.375
78.814
78.743
88.761
88.725
88.606
78.851
73.796
73.769
5.043
10.083
29.541
59.569
59.663
9.058
3.660
62.872
62.387
42.685
42.703
26.786
26.263
26.153
52.258
59.285
59.311
59.327
66.079
64.925
55.115
83.964
25.434
86.792
86.861
86.755
86.930
84.911
73.740
73.774
73.547
0.000
23.605
37.247
12.725
57.242
63.596
41.885
63.865
81.049
31.154
86.428
86.370
88.732
88.671
88.739
78.867
5.043
59.601
85.115
85.162
9.058
3.660
72.397
31.098
30.713
62.971
62.945
36.579
36.631
36.545
26.263
52.280
59.241
59.232
59.338
81.084
55.012
12.359
25.445
19.435
33.149
86.792
86.792
86.896
87.224
86.874
84.098
75.223
73.615
73.132
73.315
73.164
8.250
37.169
25.889
58.902
63.703
63.668
17.406
26.127
86.344
86.460
86.487
9.706
78.728
78.935
78.967
59.638
64.760
85.405
85.085
72.397
30.697
63.194
63.033
36.730
36.560
51.426
52.333
59.222
59.243
59.465
59.434
80.918
55.450
84.475
27.547
35.572
48.312
62.009
86.892
87.190
86.620
74.609
63.892
76.353
76.392
73.735
73.612
18.013
73.261
73.073
73.121
73.183
43.376
63.649
58.615
58.916
25.402
11.950
26.367
86.437
40.567
40.910
78.805
78.926
78.889
78.854
23.029
73.085
85.199
85.145
85.220
72.397
31.195
36.778
36.488
59.486
29.043
29.076
59.326
59.299
55.095
32.206
85.388
29.358
13.114
35.575
48.339
30.674
86.709
86.649
76.459
25.337
45.890
76.443
73.734
18.318
7.588
19.876
73.039
73.337
9.782
37.180
74.958
58.895
59.129
63.677
41.292
26.818
26.328
17.358
40.511
40.910
78.881
78.925
78.820
73.041
73.109
73.072
85.202
31.176
27.379
36.565
33.025
33.284
27.651
26.230
29.102
29.064
9.344
55.095
13.114
29.138
26.517
48.373
20.849
30.458
34.038
45.913
76.430
76.353
76.383
5.114
7.618
7.537
13.966
18.030
18.013
73.148
73.313
73.134
75.016
74.985
74.895
34.122
45.902
26.283
17.340
19.999
72.251
40.577
40.547
73.120
73.180
85.121
73.072
85.081
75.631
20.639
36.579
36.692
33.317
32.935
27.727
27.651
26.052
29.099
29.015
9.344
24.085
47.165
47.159
42.995
26.503
21.900
30.507
27.488
45.908
76.412
25.313
76.414
7.596
14.060
14.001
74.174
74.188
74.220
8.618
75.005
74.967
59.030
58.961
26.275
12.208
26.310
26.320
17.419
13.293
40.550
40.564
29.637
29.726
73.269
73.076
4.779
36.703
33.316
6.817
47.111
47.163
13.025
13.074
29.158
67.041
30.472
33.242
45.950
46.806
25.429
76.333
76.336
89.006
36.749
14.053
14.001
74.094
74.167
18.036
74.220
83.800
26.311
26.367
29.666
73.178
63.459
73.132
4.779
44.282
37.457
29.318
27.737
57.490
18.019
26.451
38.991
49.612
30.566
23.553
86.979
50.202
15.301
89.006
36.662
33.105
54.977
54.731
54.890
13.919
74.112
74.163
18.046
8.585
83.839
83.818
83.746
83.691
26.278
73.027
73.102
40.943
51.748
37.282
29.327
27.709
28.072
29.076
32.948
10.118
12.273
12.277
39.047
39.081
38.992
57.205
23.553
13.060
50.293
50.177
50.236
15.301
36.662
36.629
47.404
33.105
54.859
74.195
74.155
83.728
83.784
83.798
28.315
20.673
40.000
29.792
73.099
73.133
36.783
44.282
51.750
37.320
29.391
45.544
45.637
38.023
38.939
39.053
57.175
13.128
13.060
50.186
50.065
41.108
40.988
15.259
36.589
36.601
36.853
47.091
33.131
13.960
40.032
83.712
60.464
39.999
13.843
21.133
49.718
63.019
61.231
61.222
61.241
41.048
21.622
23.726
20.562
37.436
42.905
29.572
29.439
45.484
45.738
37.770
37.991
38.035
10.118
12.227
12.277
44.453
48.742
41.081
25.349
19.843
36.621
58.138
86.543
86.593
54.841
12.054
36.604
40.089
40.151
28.317
28.299
28.204
8.703
21.336
39.982
37.686
49.334
49.734
73.380
63.095
44.224
21.604
51.693
23.726
20.562
16.799
39.209
28.679
40.412
77.727
40.417
60.366
29.410
45.514
46.183
37.770
38.029
12.227
12.277
27.720
79.737
9.244
13.115
41.205
41.133
25.509
19.870
36.706
36.720
61.200
86.671
86.629
86.524
86.593
36.484
36.569
40.059
40.106
40.085
28.346
28.176
8.681
40.218
85.597
49.786
49.757
61.311
61.299
63.171
23.736
20.583
64.973
39.086
16.799
39.209
28.644
37.383
40.440
40.517
40.445
77.627
29.362
45.538
45.590
46.409
37.644
49.305
59.907
53.401
53.325
10.149
79.737
41.523
44.425
39.055
76.640
48.018
25.509
25.353
36.720
86.517
48.548
86.523
36.408
36.605
40.059
40.067
40.074
53.336
8.647
8.611
37.701
37.788
49.637
61.268
61.317
61.263
21.435
68.894
68.721
16.166
64.932
16.799
39.447
39.120
28.221
77.762
40.499
27.033
40.445
77.636
45.568
45.581
80.665
80.665
48.484
31.362
31.396
25.627
11.330
38.050
27.692
44.423
52.528
32.294
89.361
89.330
89.297
56.496
86.646
86.644
89.549
89.556
24.582
36.453
40.073
53.392
21.326
8.611
8.624
37.750
37.701
49.799
61.298
61.282
21.672
21.604
5.243
64.802
33.002
8.422
28.659
44.593
32.457
30.588
77.654
77.734
77.699
77.775
81.895
31.418
31.426
56.830
26.714
56.788
11.330
37.401
10.005
14.689
43.097
32.287
40.826
47.949
48.025
48.038
20.409
44.862
44.932
52.584
52.620
52.600
52.468
86.535
89.521
89.622
24.313
36.597
36.510
36.647
8.643
8.624
4.076
4.264
37.704
41.543
45.957
49.697
61.312
63.606
21.583
7.973
11.060
68.785
4.573
20.706
64.977
15.337
64.900
14.218
9.215
39.127
17.136
70.778
32.552
30.567
30.549
77.753
31.311
31.430
56.698
34.172
56.779
44.986
53.391
37.428
37.448
62.810
10.130
14.671
27.834
66.817
55.656
61.649
30.320
47.999
48.033
29.112
40.670
52.653
52.529
52.590
37.977
89.473
89.529
89.485
24.425
36.510
50.404
49.443
7.576
4.299
4.264
75.243
75.237
21.570
39.757
13.061
55.040
64.959
58.233
64.860
14.236
9.562
14.682
17.105
70.861
15.830
70.803
69.532
32.539
32.382
30.639
30.434
30.609
27.028
77.706
31.269
31.401
31.405
56.657
52.524
52.274
11.328
11.330
61.290
61.541
71.920
60.177
69.629
37.427
21.094
44.445
14.697
49.001
51.411
51.403
57.685
61.414
47.949
52.594
19.517
68.578
72.351
72.411
72.366
16.670
8.574
75.370
75.337
21.570
21.539
12.047
64.968
58.273
58.290
15.209
45.333
30.417
30.486
70.788
32.394
30.437
30.613
27.028
77.817
77.763
56.603
51.801
52.249
11.330
78.096
12.736
3.237
87.522
87.522
82.044
82.029
14.697
58.146
57.988
12.278
33.613
62.129
62.210
61.371
16.004
30.351
77.218
76.104
32.993
19.536
19.795
66.849
72.440
72.394
72.341
7.630
7.576
22.891
16.670
75.290
75.223
75.309
75.216
21.445
21.539
86.449
11.766
81.136
55.081
58.021
58.233
9.436
14.269
15.209
14.672
30.410
34.226
70.804
70.984
71.673
32.421
21.238
40.976
27.062
78.088
77.712
52.172
51.915
52.257
78.137
82.058
82.014
9.718
56.288
25.253
13.729
58.156
58.167
58.190
62.123
62.091
62.174
7.883
47.836
6.757
29.133
29.139
75.708
76.179
76.048
76.140
61.043
88.963
33.248
89.738
89.767
89.710
72.457
5.604
22.773
16.670
30.016
30.042
75.385
75.233
75.377
86.495
86.477
69.444
69.441
69.499
58.169
58.278
58.222
34.263
15.209
30.480
30.495
70.799
70.868
70.850
32.399
48.797
21.238
21.236
88.711
77.875
77.729
52.156
52.164
78.015
87.581
9.238
61.824
82.018
81.995
56.226
56.302
77.389
13.729
58.580
58.163
75.832
62.175
62.140
40.435
40.392
30.312
23.644
76.172
75.894
7.559
42.672
33.276
61.659
60.251
89.678
89.765
89.773
89.779
7.586
30.016
75.330
74.993
75.324
69.519
69.491
69.500
51.676
58.263
34.233
45.364
30.519
30.116
48.733
48.766
49.116
20.473
21.209
77.774
77.768
34.166
76.991
51.340
87.591
85.799
87.640
87.537
81.984
9.730
77.399
86.501
58.140
58.121
12.282
62.166
62.163
40.433
40.423
40.393
76.178
75.979
76.155
7.576
42.659
33.248
60.284
60.268
89.165
89.771
89.705
50.215
50.150
7.585
29.956
22.047
75.261
84.544
82.210
82.192
51.587
58.285
50.885
34.219
9.436
30.311
43.963
43.907
48.776
48.678
49.144
21.447
21.180
77.752
17.374
52.362
87.465
19.813
56.342
56.267
58.137
32.255
62.150
40.383
40.481
76.084
17.547
76.060
76.060
7.645
42.715
42.639
46.089
15.406
60.284
60.289
89.446
12.891
89.665
50.217
50.222
50.129
30.042
30.038
22.058
10.733
69.603
82.151
82.175
82.321
46.747
34.216
30.421
43.922
43.907
48.822
48.573
21.317
34.154
17.368
16.541
15.430
17.201
80.761
56.244
40.429
40.480
40.481
17.547
17.527
7.620
42.715
15.477
89.676
50.125
50.116
22.147
10.701
69.449
69.431
69.513
72.658
81.442
81.347
82.151
82.284
82.270
27.951
43.896
43.850
48.333
33.892
28.501
34.128
17.381
56.299
27.774
27.644
82.486
80.828
80.789
81.772
9.891
40.467
40.476
38.068
7.634
42.663
15.477
56.171
12.963
50.115
50.141
82.249
82.254
82.185
67.100
43.826
43.767
48.828
48.669
48.679
33.957
13.479
83.485
83.619
89.897
17.441
17.376
15.453
83.294
83.301
57.800
27.774
82.468
82.469
82.452
82.449
80.808
80.759
81.769
9.870
81.800
21.819
37.938
17.586
17.591
32.836
63.652
15.477
12.933
12.920
56.108
71.597
71.591
0.000
25.954
25.958
10.734
48.726
33.952
33.958
83.533
83.413
83.313
83.308
12.949
1.653
70.892
71.017
82.487
82.449
71.053
81.835
81.819
27.469
81.783
17.566
4.622
63.677
20.304
8.600
8.570
56.048
56.003
56.167
56.111
71.638
71.680
0.000
8.091
7.549
25.677
81.140
86.503
10.734
33.961
33.994
12.949
62.672
33.078
90.000
71.049
26.402
17.579
63.650
28.044
30.521
8.095
8.629
56.228
25.917
60.091
46.154
54.139
54.104
54.199
86.503
10.736
13.196
47.579
47.509
15.390
62.404
83.542
70.892
10.355
28.357
41.079
28.025
40.766
11.344
33.015
8.680
8.512
18.271
8.632
25.950
14.678
21.877
0.000
7.628
7.537
54.192
54.063
54.177
10.736
12.352
40.961
45.504
13.196
13.196
47.612
47.542
47.294
62.879
62.819
59.458
84.964
70.926
70.970
88.701
82.331
28.517
28.475
31.830
32.357
27.927
40.374
33.011
8.226
8.656
13.575
18.291
25.950
14.758
14.715
0.000
25.181
7.613
60.033
60.047
60.627
68.305
68.233
54.112
54.135
25.931
11.972
40.952
40.912
86.103
86.102
45.499
85.997
45.536
47.623
47.554
62.873
62.962
26.482
24.870
52.355
28.547
28.503
44.865
32.502
6.876
61.118
70.922
33.001
33.037
18.302
8.680
25.981
14.785
14.715
41.955
25.219
59.966
23.567
68.755
21.007
16.115
11.961
40.976
40.969
86.039
85.953
45.514
70.201
6.206
4.315
47.580
47.560
2.161
11.995
25.087
50.685
50.714
52.387
52.331
82.157
82.239
28.592
44.865
44.803
32.456
53.715
56.003
73.581
33.212
33.059
8.566
18.312
8.680
32.585
14.626
41.868
25.169
60.010
23.058
49.550
23.500
11.187
68.387
36.424
16.075
12.922
40.058
22.057
40.963
40.977
40.978
26.938
86.010
86.031
86.041
85.990
85.706
13.199
4.315
55.095
55.095
43.177
51.022
50.759
50.703
52.406
52.362
52.331
61.682
44.838
44.804
32.380
55.804
55.985
55.288
61.055
25.534
81.029
33.065
33.033
18.292
22.664
41.816
61.970
35.455
36.430
16.075
41.824
12.988
88.429
40.058
22.090
88.528
41.010
41.061
49.162
26.938
26.938
86.129
85.968
86.107
86.028
85.996
85.721
85.803
78.063
55.117
55.148
54.988
68.689
68.837
68.855
43.114
50.712
50.698
52.356
61.522
61.425
44.838
44.786
32.340
32.354
17.036
55.898
61.304
39.376
61.026
42.229
55.018
55.006
23.065
26.741
35.513
36.489
36.478
88.419
56.592
20.714
23.375
49.231
49.349
49.300
26.955
86.129
86.078
77.782
85.810
55.103
55.125
60.208
68.812
21.758
75.716
11.425
43.106
50.712
17.227
41.302
41.393
44.790
32.659
32.320
17.018
39.376
25.561
25.500
61.117
55.021
54.996
21.087
58.669
45.252
44.910
8.196
24.817
35.540
36.546
16.075
41.826
61.141
22.061
56.485
56.512
23.430
63.227
63.282
49.169
26.987
74.881
65.384
59.057
86.229
85.843
85.831
67.913
57.527
57.501
55.057
23.275
21.042
75.627
43.154
43.138
68.774
67.598
86.097
17.274
21.459
22.628
61.550
44.850
44.841
44.822
32.538
32.331
17.017
39.507
25.553
59.734
55.023
55.112
9.668
21.078
55.849
45.259
44.949
45.251
23.041
35.451
26.030
26.030
36.397
36.378
32.830
75.656
6.600
9.340
23.486
63.281
49.280
49.220
49.207
13.182
65.384
55.722
85.824
85.847
27.131
65.746
57.552
55.134
55.050
55.078
55.126
12.934
57.934
42.252
9.830
26.367
43.215
86.182
77.943
86.151
86.151
21.489
21.402
73.032
44.822
32.331
17.017
57.585
54.968
55.033
21.091
89.299
89.375
45.153
66.635
24.859
35.483
35.497
25.850
26.003
50.797
50.758
6.600
23.483
23.685
63.231
49.259
74.409
26.999
13.182
56.138
58.005
58.611
17.468
54.758
57.534
4.371
88.043
88.161
12.934
12.830
75.382
26.271
72.668
30.130
25.718
86.118
21.511
18.603
82.936
6.152
61.163
85.432
54.968
21.078
21.074
89.334
14.274
42.154
45.181
45.256
18.100
35.376
35.508
26.135
26.088
26.003
76.961
53.101
50.789
51.472
74.405
74.333
12.799
56.138
86.081
86.081
63.356
59.051
17.468
78.221
78.285
4.371
88.000
87.985
12.830
58.014
45.330
81.965
26.293
72.623
30.174
61.773
16.948
21.407
71.901
71.848
74.818
82.840
82.847
7.641
85.432
22.419
21.107
21.093
13.434
81.048
45.223
67.246
32.473
24.840
26.135
26.152
25.408
77.003
77.046
16.287
50.828
10.269
12.771
86.081
81.882
58.592
58.555
9.318
4.343
87.836
87.592
88.092
12.753
45.330
45.330
26.293
31.683
36.709
16.948
21.312
71.896
71.841
22.435
70.797
67.358
67.246
18.083
26.153
80.506
76.914
76.972
76.810
76.838
76.910
61.707
38.282
87.232
50.736
28.675
10.269
57.340
58.591
17.255
78.164
88.021
87.202
88.072
12.945
45.330
79.172
9.259
38.571
38.619
38.605
21.423
71.870
71.877
10.240
34.454
44.311
21.092
70.737
89.565
67.307
67.289
67.273
18.094
76.077
80.843
80.855
80.857
76.933
80.896
21.506
61.824
61.899
19.243
33.860
48.615
48.584
38.447
81.314
10.196
8.308
12.841
58.601
58.570
56.611
88.166
3.873
87.873
88.125
12.901
87.813
87.822
87.828
26.325
2.533
30.144
38.566
38.613
38.491
50.072
71.841
79.195
10.240
15.408
15.458
69.159
23.330
76.733
6.304
21.092
70.811
70.841
70.849
67.307
67.293
65.031
80.942
21.958
61.932
8.767
19.243
73.313
38.351
28.683
79.190
10.170
79.168
8.380
8.308
56.673
56.562
8.627
88.166
14.275
57.954
77.572
77.564
31.353
87.907
87.895
87.761
26.339
38.535
38.583
38.604
20.168
50.108
79.195
15.420
58.729
69.130
69.176
23.330
11.581
71.425
44.208
19.280
8.194
88.684
88.839
64.844
80.862
80.900
81.041
80.752
80.899
21.716
21.958
39.859
48.620
38.393
75.751
9.754
28.665
47.615
79.203
79.181
8.380
28.514
58.109
17.422
8.484
14.649
14.275
57.942
57.994
57.885
77.431
77.570
51.600
87.807
26.339
38.545
38.501
20.098
80.145
44.655
75.304
34.501
16.965
16.678
69.196
23.455
70.867
70.874
69.408
8.194
88.776
88.565
88.509
64.805
64.818
81.041
81.034
22.848
20.816
39.447
14.128
89.173
38.380
38.354
75.751
47.465
47.696
47.466
46.534
79.136
79.239
72.414
72.275
65.741
8.380
28.465
83.559
83.555
58.940
17.422
5.766
57.908
57.974
77.524
78.774
77.598
51.921
23.067
26.365
15.245
45.321
45.863
75.332
16.757
69.233
69.102
34.029
15.273
15.249
60.682
60.864
60.637
40.817
19.284
8.171
88.827
88.737
88.728
64.940
64.621
13.198
6.870
21.137
39.821
19.277
3.356
89.139
89.163
38.365
38.355
9.802
78.696
47.436
47.657
47.578
51.445
51.710
51.656
51.468
86.815
58.403
38.173
38.205
65.763
58.192
58.049
57.930
58.093
58.009
77.576
78.061
77.635
51.692
23.137
50.049
31.289
45.001
45.171
15.480
15.480
75.169
16.716
16.741
69.453
34.051
34.053
33.992
51.560
51.568
51.607
83.449
79.060
60.759
60.678
88.680
88.796
65.006
64.621
13.228
13.198
21.818
22.348
23.053
39.704
39.804
46.987
40.855
19.277
3.356
89.225
89.159
89.231
75.813
75.836
9.882
47.572
47.425
47.517
47.596
47.610
51.550
51.587
51.532
86.739
58.400
58.323
38.160
64.459
86.794
83.368
62.472
14.580
57.888
57.889
57.913
77.581
77.844
77.614
51.710
51.590
22.982
50.109
45.931
75.342
15.480
75.267
75.224
16.827
16.745
69.203
33.983
34.045
51.598
51.621
51.532
51.587
46.862
57.332
60.613
21.301
12.149
8.224
41.793
88.657
88.730
64.905
64.890
64.626
56.012
13.338
13.198
25.876
85.893
39.725
47.037
40.818
40.851
3.356
89.199
89.125
89.194
89.231
89.134
89.167
47.584
47.487
47.548
51.526
51.510
51.511
51.598
33.103
33.062
57.768
58.436
8.631
64.476
82.944
68.150
77.527
77.518
16.794
16.811
17.462
48.816
43.384
40.373
51.669
72.962
51.587
46.896
18.210
21.027
20.997
12.114
8.201
64.944
64.917
64.679
64.907
55.964
88.107
85.893
47.043
41.009
40.870
40.811
15.038
17.693
26.367
39.594
63.417
67.949
56.388
20.838
47.582
18.593
51.473
51.642
33.118
7.139
35.412
64.458
30.291
19.116
37.525
5.547
16.794
74.191
74.106
48.812
48.695
48.713
88.361
51.595
51.557
55.239
46.924
46.883
21.028
20.997
89.812
12.094
12.114
8.073
50.848
26.179
64.842
64.917
55.900
20.449
41.039
40.882
15.038
26.434
22.856
26.266
69.505
61.001
56.358
21.052
12.544
51.550
44.663
44.690
32.863
15.162
71.706
73.625
19.127
19.116
37.530
42.859
74.080
72.947
42.506
20.751
51.619
51.580
51.553
86.255
55.334
46.900
20.997
89.812
15.940
12.156
8.183
21.768
64.872
20.449
46.995
47.040
40.862
15.038
20.916
22.796
26.263
13.585
56.375
56.396
21.017
12.544
18.588
44.723
44.696
32.918
33.012
15.116
15.162
60.819
69.964
69.966
18.335
88.434
19.064
7.070
37.445
17.395
42.867
42.871
74.236
74.054
72.708
32.438
43.466
56.219
86.340
86.363
86.277
86.257
20.815
20.833
46.948
42.870
26.179
26.217
20.498
20.486
30.517
15.038
26.451
74.267
20.978
12.501
18.550
44.665
33.004
33.012
33.047
15.162
69.978
69.912
69.915
72.785
21.445
19.068
37.600
42.867
74.241
74.280
74.169
17.456
33.395
43.485
43.553
86.339
86.279
86.246
86.309
46.881
20.841
20.868
39.022
38.989
34.134
26.179
26.217
20.498
20.490
22.925
26.248
53.729
29.769
10.798
12.501
18.570
44.640
44.663
15.761
15.752
47.390
88.647
69.887
69.863
52.890
53.083
30.189
86.283
19.126
26.813
54.590
54.580
42.769
42.870
17.471
43.553
12.614
86.319
86.331
44.799
20.815
20.428
20.841
46.884
41.220
35.728
39.043
22.926
26.567
44.753
44.648
42.340
18.408
52.904
53.055
30.211
12.974
19.100
19.138
26.790
44.760
54.476
54.552
54.562
42.875
42.902
74.183
14.075
81.844
44.912
44.812
20.816
20.808
46.884
36.776
5.349
26.112
26.119
29.852
26.277
44.687
44.579
44.619
15.749
59.048
59.168
59.164
18.409
52.960
52.947
30.002
19.082
19.113
26.824
63.613
88.656
89.070
54.550
42.860
74.189
69.309
18.084
14.075
81.771
44.923
44.837
20.808
5.349
26.128
64.543
24.968
44.627
59.134
60.463
29.250
18.380
53.055
52.981
19.324
69.407
26.821
26.782
40.266
85.081
85.093
85.018
28.016
29.759
63.695
63.572
63.666
47.621
18.089
60.004
44.936
14.108
69.992
38.107
71.924
71.920
24.968
24.585
44.627
15.749
59.188
58.937
88.074
52.996
52.897
52.849
86.307
86.275
84.167
33.285
40.261
40.274
51.314
22.556
22.566
85.053
85.091
85.036
85.109
85.104
23.019
63.573
32.397
3.057
18.084
88.900
18.571
44.931
77.520
77.579
77.474
70.019
55.126
55.034
55.210
66.403
70.966
71.927
24.570
59.156
59.063
52.923
52.883
86.178
86.131
59.593
7.588
22.556
22.578
85.021
35.075
84.726
23.019
4.292
3.057
87.220
87.287
18.074
69.537
18.571
81.886
77.436
77.539
51.244
69.981
6.554
58.713
55.034
71.829
71.790
66.973
25.074
24.562
15.749
59.092
59.593
25.388
33.301
40.242
40.297
21.028
22.579
85.102
85.112
85.082
85.139
84.240
23.013
2.581
87.165
87.180
87.091
87.176
81.792
71.028
71.342
69.971
69.873
69.795
68.079
56.678
71.823
71.904
25.140
30.866
24.562
75.893
75.885
51.612
18.092
25.062
86.277
86.219
67.677
11.117
25.447
52.395
40.297
21.028
22.572
66.060
87.238
81.887
85.119
85.035
85.059
85.152
22.932
2.581
4.266
3.040
18.079
6.277
52.249
81.980
71.091
69.906
69.955
69.876
88.780
80.705
71.083
71.092
55.171
66.957
45.800
25.068
66.903
75.869
51.612
61.252
18.222
18.092
72.676
25.032
60.993
73.785
60.748
60.755
41.695
33.228
53.657
22.535
22.539
38.049
81.834
81.904
81.964
21.649
22.932
48.189
19.680
6.208
20.848
52.259
69.834
88.754
69.931
71.133
71.029
70.968
23.029
66.915
76.022
75.883
51.622
86.755
86.178
18.231
72.676
25.039
60.788
60.723
60.694
60.738
53.739
11.380
81.842
81.932
81.923
81.995
2.550
4.134
48.370
48.135
19.680
6.209
20.846
82.158
69.916
88.763
88.749
89.097
71.080
71.117
71.002
66.896
32.858
66.978
75.867
75.621
75.589
51.587
51.192
51.711
30.506
18.223
18.112
42.079
7.956
67.561
44.752
64.765
60.927
60.738
39.825
70.386
19.336
81.864
81.920
81.953
63.822
63.690
63.689
4.134
51.167
48.202
19.642
20.652
81.012
82.222
82.209
76.271
69.846
88.698
88.761
88.696
33.919
3.463
52.224
52.225
75.873
75.989
75.608
51.512
51.629
51.333
18.223
18.165
25.030
25.027
56.713
22.529
88.300
60.795
60.711
60.763
37.346
37.336
37.036
81.953
63.738
63.723
63.654
48.248
19.646
20.611
80.955
50.034
88.882
82.312
88.771
87.377
34.702
34.841
32.900
81.794
52.175
52.106
75.786
75.989
51.537
50.718
43.862
48.001
24.993
56.677
56.659
56.666
25.093
88.123
88.316
88.328
35.808
37.339
37.333
63.565
48.111
60.271
19.634
20.940
79.451
35.793
87.451
88.722
88.642
34.793
71.024
26.323
81.696
81.794
87.939
52.190
51.589
50.827
79.711
79.806
48.046
48.313
24.865
56.704
56.637
88.301
88.308
88.274
60.684
32.535
37.331
37.333
23.788
4.860
48.172
63.566
19.666
19.599
20.876
81.025
80.943
81.092
76.884
76.952
74.566
88.607
88.711
34.834
34.920
45.158
45.229
52.037
52.320
81.509
79.841
15.094
48.053
47.744
48.113
63.339
63.366
56.665
53.508
88.512
88.232
88.292
79.189
37.333
23.782
4.860
43.319
47.538
48.306
48.160
19.599
80.890
76.986
76.973
88.711
34.784
81.768
81.793
52.962
52.202
51.989
52.694
68.497
81.474
79.537
48.031
47.778
63.401
50.445
53.547
88.285
88.335
88.340
78.852
79.290
79.128
35.919
43.371
43.353
48.228
19.161
76.979
81.778
81.676
14.694
52.141
52.334
52.155
68.497
81.571
81.473
81.544
81.582
79.061
48.014
47.792
47.986
63.329
35.990
88.335
20.963
79.195
79.198
79.256
79.241
5.015
43.423
43.356
30.986
68.580
50.268
19.170
19.112
22.958
36.734
81.866
45.200
80.603
52.114
20.839
68.617
68.538
68.624
81.631
79.731
28.887
79.860
53.558
53.538
48.371
79.149
79.258
79.184
63.870
47.605
30.971
68.639
50.306
50.270
22.956
9.422
81.752
81.795
81.791
80.927
68.475
68.682
46.973
82.018
81.546
80.235
47.708
53.567
53.536
21.002
79.097
79.215
63.826
63.927
63.758
30.951
50.320
50.255
50.494
23.062
9.422
81.966
81.729
68.464
68.599
70.578
81.564
81.462
6.324
79.809
36.567
17.106
53.550
79.115
63.794
63.725
63.839
68.670
40.081
44.152
60.891
18.423
50.290
50.162
15.576
3.130
6.002
86.463
49.492
68.564
68.517
68.541
31.181
19.331
47.847
47.740
21.020
84.992
85.027
63.787
63.776
63.675
63.801
17.618
16.990
18.135
50.340
23.077
3.130
5.932
49.562
49.452
49.549
68.567
68.529
31.483
38.498
20.294
78.481
47.875
48.588
47.773
77.381
73.248
85.005
84.956
63.775
63.752
16.638
87.761
7.540
18.206
18.154
22.970
5.932
49.487
68.533
25.073
47.864
48.550
62.565
77.371
77.346
77.310
9.712
84.886
26.836
22.423
7.612
18.202
18.168
15.609
65.944
65.926
65.968
5.879
42.969
6.815
2.103
66.730
48.590
50.829
18.424
89.349
89.356
26.906
18.145
15.609
26.879
22.957
65.822
1.995
38.036
89.882
69.022
66.821
69.851
21.229
89.349
89.412
89.270
26.759
26.889
65.895
65.846
42.047
76.650
72.740
72.737
72.732
42.838
42.039
1.995
89.699
89.907
89.964
66.153
66.672
66.692
50.765
89.732
89.321
89.027
89.397
51.940
47.419
47.452
54.282
54.250
65.819
65.861
42.159
72.817
72.837
72.706
42.549
42.846
5.029
2.205
89.901
89.841
89.879
89.969
66.156
66.779
66.821
50.690
18.872
89.400
89.063
89.306
89.311
47.262
54.246
54.279
65.887
42.116
20.127
42.785
42.898
14.899
89.871
89.925
89.844
89.740
89.841
66.276
66.513
67.274
66.672
21.054
50.084
49.779
51.882
75.294
47.466
47.274
26.973
54.093
4.678
23.772
14.902
89.871
66.726
66.736
66.587
49.448
18.939
18.899
50.109
49.639
47.395
47.555
50.919
86.653
54.256
53.493
54.289
4.673
14.887
20.178
66.760
66.676
20.884
18.956
19.429
1.990
73.973
73.973
53.151
43.591
54.256
54.162
4.664
14.887
20.190
77.772
25.119
21.067
18.781
19.020
24.431
74.028
74.078
74.037
74.084
19.941
49.447
49.470
49.424
53.109
53.227
79.716
43.713
84.882
23.336
4.664
15.537
77.772
21.067
18.875
18.996
18.847
74.093
74.047
74.092
4.403
19.992
49.527
49.485
53.111
43.947
43.745
21.067
23.012
18.869
74.092
74.024
4.403
35.854
19.908
1.910
73.207
49.514
53.136
43.899
43.862
35.792
74.066
35.957
8.677
19.960
19.890
77.943
1.910
78.001
53.148
53.148
43.855
12.623
35.771
35.577
35.881
19.931
24.510
77.925
78.008
39.512
39.562
16.139
21.301
21.311
35.556
35.859
8.779
19.960
77.944
39.505
43.749
15.577
16.139
21.301
21.308
35.681
35.926
8.796
39.896
39.496
15.062
21.298
35.765
19.204
39.570
43.849
38.632
21.327
6.797
19.226
39.588
43.743
43.409
39.007
38.995
21.331
21.324
8.725
19.248
39.588
62.810
43.318
38.645
54.804
21.985
21.869
62.876
62.782
62.904
38.883
39.052
38.898
22.167
54.875
54.903
20.245
30.794
21.963
21.869
62.961
63.079
62.966
63.036
43.596
38.880
38.953
22.228
54.661
54.884
54.781
5.918
30.819
21.983
62.908
63.037
20.698
22.201
54.896
54.714
54.855
31.010
21.443
21.896
62.884
62.588
62.912
20.698
22.139
22.201
54.858
54.785
54.859
2.945
30.989
31.010
22.008
62.913
20.689
22.146
22.118
54.845
54.852
30.969
30.999
62.874
17.467
20.680
17.559
30.805
30.961
20.710
17.657
32.135
30.777
30.986
20.710
17.524
20.710
83.301
25.592
25.492
25.509
25.621
25.616
25.657
25.657
83.285
25.615
83.415
29.575
29.532
35.589
35.589
35.512
35.525
68.509
68.564
10.554
83.283
29.526
29.566
29.477
29.573
29.579
49.401
32.246
32.316
86.394
86.415
86.408
35.509
35.535
35.535
35.530
35.530
35.562
68.499
68.612
68.712
68.703
68.347
2.228
29.584
29.710
29.678
32.283
31.925
32.175
86.399
86.373
35.530
35.518
35.585
35.553
68.547
68.616
68.599
68.628
34.692
34.739
33.025
86.388
86.432
35.541
35.549
68.623
68.522
68.626
68.629
68.647
34.745
34.745
34.658
5.931
4.426
84.252
78.708
86.416
86.506
86.458
34.705
34.686
34.718
34.717
78.985
78.990
78.825
78.768
79.013
78.745
78.868
40.512
78.771
77.270
78.762
78.809
72.154
78.784
40.487
40.485
40.632
40.456
9.706
63.696
40.570
40.538
40.910
40.910
40.566
40.564
40.571
60.033
60.063
39.956
39.590
39.590
39.791
39.791
39.993
15.328
15.322
59.901
59.913
88.714
60.047
88.776
39.983
40.186
40.063
39.854
40.246
39.983
40.017
15.691
15.508
51.122
59.960
59.960
88.535
88.664
88.738
88.565
88.787
60.627
39.996
40.218
40.166
40.166
39.991
46.494
29.833
29.830
29.929
23.065
23.041
23.041
88.854
88.824
88.509
88.598
30.018
30.018
61.970
35.428
88.713
88.764
88.706
35.516
88.774
88.839
35.455
35.348
35.376
26.151
26.127
35.451
88.732
28.146
65.049
64.805
26.179
26.139
22.154
13.511
64.913
64.940
78.814
79.031
27.863
27.863
37.601
37.577
37.547
37.598
37.801
37.801
64.812
64.621
27.800
27.800
27.795
37.761
37.839
37.750
37.768
28.418
28.226
78.905
78.989
79.029
77.529
77.633
73.351
73.298
73.395
73.397
37.648
37.780
37.840
25.472
78.950
78.878
78.704
77.671
25.377
25.377
25.372
17.734
78.864
77.668
77.537
38.129
38.109
29.637
29.622
26.789
28.514
23.235
77.557
38.022
38.022
29.695
29.680
29.743
81.071
29.726
28.993
28.993
23.276
23.237
23.242
30.030
29.565
29.537
29.606
76.359
25.375
25.595
25.365
73.797
73.735
29.842
29.897
29.836
73.764
31.305
32.921
24.690
23.265
23.029
23.048
23.211
30.071
30.071
29.558
29.509
29.480
29.556
25.271
25.308
73.796
73.541
73.661
73.680
73.722
73.774
23.656
77.508
77.471
4.893
4.981
55.910
56.012
82.378
30.004
30.044
29.566
29.589
29.583
29.594
25.326
25.326
73.774
73.745
23.500
23.567
23.637
77.422
77.405
77.362
77.448
77.580
77.579
77.399
55.884
55.884
55.898
55.918
56.023
56.003
82.337
80.843
68.305
32.120
77.435
77.413
77.388
77.435
77.461
55.861
55.953
51.597
43.780
42.593
88.098
80.880
80.803
54.900
54.675
61.731
61.824
61.889
61.932
61.893
68.198
68.316
68.430
68.236
68.175
47.412
10.055
10.083
10.083
77.520
77.463
77.539
77.534
77.388
77.428
64.273
55.914
84.850
80.887
80.855
80.855
54.857
54.907
54.804
61.826
62.333
61.707
29.671
61.836
61.857
67.900
67.900
68.248
65.035
65.062
33.314
52.282
52.282
29.360
18.490
29.300
80.924
80.886
80.949
88.981
54.833
54.836
5.944
61.862
68.387
68.350
68.755
19.052
36.400
13.872
13.872
13.843
13.843
65.030
65.030
65.053
52.278
52.247
52.266
29.338
52.298
29.309
29.309
29.358
80.947
80.947
80.932
80.896
55.063
2.945
3.591
41.826
41.826
36.498
36.498
36.390
36.365
65.073
52.309
52.330
52.629
52.249
52.375
29.254
77.059
80.905
35.811
50.275
30.774
30.794
41.863
41.835
41.824
36.546
36.488
36.419
36.430
70.614
85.597
41.543
52.306
52.306
52.304
52.268
52.235
76.858
76.951
18.275
18.423
18.240
35.901
35.945
35.919
35.888
35.873
35.826
50.297
31.010
61.311
61.283
36.378
7.879
8.509
8.574
52.288
52.278
52.303
76.910
23.947
18.145
35.926
35.880
35.947
35.644
6.786
5.392
2.907
8.677
9.282
9.282
9.336
10.215
85.134
72.994
61.266
22.147
22.147
85.043
85.042
85.011
32.368
50.510
50.302
50.365
59.605
59.555
59.670
8.786
8.786
8.725
85.163
30.397
63.171
61.272
21.470
40.873
41.009
41.029
40.935
85.358
76.123
72.163
68.069
62.292
51.027
75.356
33.944
31.622
31.634
80.987
59.593
59.714
85.206
85.169
71.268
51.347
69.449
40.870
40.811
10.912
85.511
84.954
85.121
56.540
54.965
52.103
52.121
52.068
49.724
23.336
23.336
23.824
59.596
59.548
49.416
49.490
76.917
80.972
63.520
85.011
4.779
85.964
85.065
86.039
80.550
69.133
50.991
52.133
52.061
52.095
32.547
30.517
30.517
82.164
26.934
59.441
76.840
76.956
26.095
26.095
26.093
26.093
26.093
77.958
76.927
1.910
2.080
24.589
24.589
86.461
86.464
86.423
80.011
63.562
63.582
63.537
51.722
51.771
69.927
69.926
3.594
12.917
69.513
85.084
52.180
52.038
52.110
52.138
30.383
32.497
30.295
30.300
82.149
82.015
75.341
82.225
76.931
77.011
25.489
25.489
25.583
25.583
78.017
77.843
81.991
35.793
73.207
49.426
49.419
49.431
35.775
86.465
86.410
86.460
63.512
63.544
63.540
63.536
12.988
13.267
13.190
13.190
13.190
88.754
11.766
13.394
13.061
13.670
24.755
1.875
3.500
12.073
1.854
3.450
3.426
22.856
22.914
22.916
19.922
19.925
52.082
10.696
10.696
71.059
71.071
71.071
82.122
76.995
77.026
76.981
76.969
47.027
47.061
77.864
77.826
77.956
78.044
77.881
35.761
49.514
49.519
35.762
35.762
86.443
86.477
86.398
86.449
17.464
54.937
60.747
63.544
69.736
29.852
29.144
48.273
87.717
77.612
61.117
22.817
3.541
3.541
3.541
10.779
10.779
71.028
71.060
10.733
71.059
71.078
76.932
76.979
9.058
8.980
9.003
77.954
77.929
77.900
19.204
19.213
86.352
19.242
86.407
72.175
69.931
33.689
52.213
71.052
71.102
46.007
51.660
55.023
55.081
55.081
26.367
26.263
76.259
26.567
64.543
71.066
71.342
71.068
71.038
87.081
68.746
70.327
19.112
79.215
77.957
86.435
84.405
58.485
55.820
60.455
79.197
65.080
88.870
53.673
54.078
71.091
71.109
71.138
71.113
71.080
55.040
82.161
82.190
82.163
82.162
71.104
71.051
85.197
68.914
85.239
85.279
85.279
88.503
14.162
39.896
54.307
54.218
8.511
84.364
84.362
77.021
45.996
58.446
57.036
61.038
88.684
55.082
80.917
71.113
71.156
71.171
82.192
82.324
82.218
82.209
67.089
85.201
85.201
85.216
85.216
43.591
43.678
39.537
54.268
54.271
37.909
27.006
0.076
26.973
26.929
45.377
45.383
45.383
33.952
76.217
72.011
71.002
71.117
71.205
82.270
10.877
10.877
85.204
19.319
85.225
85.226
43.787
43.826
54.268
54.297
26.879
26.958
26.897
26.897
80.541
45.363
45.406
45.381
49.422
35.531
34.702
34.795
34.834
34.784
44.929
51.773
51.698
75.014
66.127
89.225
71.867
71.025
46.292
46.248
46.248
34.458
34.424
45.433
34.426
34.402
15.609
15.609
15.601
21.145
43.796
43.825
43.751
54.136
45.405
45.405
45.380
19.485
31.074
19.503
34.765
33.919
34.841
35.282
34.920
34.920
51.587
71.897
71.915
71.827
61.141
38.447
38.577
12.274
85.747
43.005
44.141
34.648
34.648
34.414
21.983
43.798
21.170
45.435
44.443
29.769
19.541
48.664
40.965
48.620
48.615
3.508
5.879
66.396
66.291
66.505
71.920
89.121
71.866
50.797
50.797
23.029
23.029
23.029
23.029
81.314
46.243
46.243
62.710
23.336
23.336
23.353
23.306
13.585
13.585
13.522
13.408
13.405
10.332
44.358
48.562
16.287
16.287
16.287
56.375
48.660
28.620
25.008
89.231
10.734
10.734
81.770
86.463
22.325
22.320
38.402
38.351
65.944
65.893
9.574
9.574
9.574
48.630
56.318
60.125
25.097
75.803
89.117
89.145
86.463
87.232
50.812
38.357
23.062
16.655
65.895
65.849
65.822
65.793
65.960
69.970
63.802
39.237
42.152
3.144
6.445
6.445
16.401
56.358
56.411
11.985
12.005
12.059
12.352
12.352
40.085
89.167
89.153
40.040
75.745
75.672
80.927
50.736
51.320
51.472
65.802
65.664
65.851
65.803
54.452
42.130
72.697
72.716
56.412
11.957
75.836
11.959
39.996
40.008
40.128
75.752
75.773
75.723
75.626
75.626
58.263
31.087
31.124
52.101
50.833
28.671
28.679
28.672
28.668
28.757
28.679
65.909
65.779
71.147
65.846
70.970
42.106
42.099
42.076
42.047
66.921
49.578
86.881
72.716
72.716
72.817
72.839
30.842
30.842
30.901
30.866
39.999
40.107
40.045
16.109
32.192
30.713
52.226
22.057
21.987
21.052
21.052
20.987
20.987
20.987
28.660
28.671
28.654
28.653
65.876
4.550
42.146
42.134
42.065
42.057
66.935
50.097
49.468
49.540
49.446
72.812
72.856
72.734
72.749
72.733
72.709
30.844
30.853
88.429
88.413
88.527
40.000
64.942
38.113
9.882
9.802
9.340
61.053
14.685
14.685
21.974
22.027
52.278
42.116
42.097
66.965
49.455
49.456
49.507
4.664
72.882
4.678
4.674
60.624
36.083
10.347
10.347
28.414
35.253
8.001
6.526
6.600
56.555
21.031
21.031
21.057
12.963
64.749
8.749
65.778
62.987
62.926
12.544
19.930
66.919
45.197
66.978
49.574
49.485
49.514
72.732
88.472
88.406
88.630
88.490
24.841
56.575
56.572
56.592
56.601
59.610
62.769
62.835
62.971
62.387
62.755
45.121
86.408
61.736
88.484
88.534
88.435
88.523
56.527
56.542
56.535
56.592
56.575
62.940
23.375
23.483
86.394
86.422
86.440
61.646
24.872
88.542
88.554
88.557
56.526
56.598
56.531
56.509
56.509
63.201
23.499
23.520
20.071
86.510
86.544
86.454
86.453
23.755
23.755
56.542
45.333
20.719
20.719
20.719
45.364
41.001
41.083
63.247
63.183
63.156
30.364
30.406
18.563
18.563
18.593
20.055
19.960
20.105
20.110
86.466
86.442
23.657
45.345
45.337
45.265
45.363
45.363
28.710
63.135
63.131
63.239
63.202
63.192
30.461
30.465
30.375
9.436
70.393
8.578
8.578
28.644
52.943
52.943
63.299
63.384
63.445
63.561
63.251
68.745
68.844
68.926
58.927
37.867
37.937
37.924
41.292
10.170
10.274
10.181
10.269
63.281
68.899
68.956
68.882
68.764
68.829
57.835
14.283
14.283
14.135
14.141
68.854
68.841
68.900
68.885
68.903
68.885
15.874
38.966
39.085
39.034
39.086
39.037
15.675
15.611
15.835
39.006
38.943
39.127
39.209
28.714
28.714
28.746
31.943
32.461
32.437
32.424
32.473
39.131
39.092
28.595
28.622
28.675
32.192
32.158
76.547
32.382
32.506
32.372
47.568
70.869
70.898
86.598
21.051
86.200
86.200
32.433
29.750
29.764
47.532
47.496
79.163
69.667
61.971
69.715
70.882
70.851
42.518
42.632
42.744
74.356
74.331
86.240
86.240
86.207
86.198
45.658
29.891
29.759
29.854
29.811
79.190
79.403
79.159
69.707
69.649
69.709
69.702
70.789
70.850
42.685
20.331
20.125
20.411
20.411
14.997
74.298
74.389
86.231
86.173
86.200
86.209
86.207
47.526
11.117
10.437
25.132
29.816
29.844
87.694
87.416
79.145
79.212
79.189
69.643
69.543
69.566
69.663
69.703
15.407
70.939
42.794
42.665
42.591
20.370
20.375
20.364
57.652
14.955
14.932
14.953
74.385
74.323
74.380
86.184
86.202
86.201
30.671
30.672
30.640
87.714
87.694
87.703
79.157
79.144
79.208
79.253
79.130
43.922
43.939
43.904
69.711
69.783
69.660
42.641
23.737
30.902
30.899
74.413
74.357
74.382
42.989
27.182
30.636
30.598
30.631
30.631
22.183
87.697
87.714
87.744
87.717
7.452
79.359
79.219
43.826
43.826
43.906
43.898
35.344
35.360
37.297
37.379
57.692
62.639
30.821
30.851
31.060
30.977
43.042
43.072
30.639
30.599
30.529
31.946
31.946
87.714
87.711
87.750
87.045
65.396
79.150
79.191
43.845
43.911
43.907
43.907
35.317
35.296
35.425
35.425
37.503
37.477
25.045
84.317
30.961
30.885
30.956
30.716
43.044
43.028
42.844
42.905
30.494
30.570
30.609
87.706
88.894
89.856
43.909
43.738
35.487
35.497
35.303
64.350
3.137
30.938
23.671
25.654
87.428
17.013
17.445
30.902
5.285
5.285
5.144
40.519
5.186
5.186
62.423
42.937
30.613
51.489
51.445
39.283
20.831
20.831
35.405
16.601
14.852
14.852
8.702
83.269
83.265
16.955
16.955
16.955
16.993
16.989
40.479
40.442
40.467
40.538
27.064
27.088
51.526
51.662
39.341
39.328
39.312
39.091
39.091
20.831
20.831
45.416
45.418
81.289
85.836
83.290
83.261
83.320
77.488
23.130
23.130
22.596
22.772
22.772
40.418
40.437
40.469
40.457
30.216
27.090
27.109
51.503
51.557
39.361
39.380
45.536
76.095
21.042
21.029
21.061
21.038
21.050
83.229
83.299
77.426
22.971
22.997
19.955
19.968
19.943
29.339
29.394
40.445
27.028
27.075
51.535
51.481
12.178
12.210
12.166
45.523
45.505
57.277
76.109
76.071
88.121
21.013
21.693
21.693
19.150
20.993
83.296
77.383
19.868
19.868
19.924
29.439
28.675
51.598
12.213
12.209
45.494
45.459
76.105
76.087
89.366
57.728
36.768
36.698
36.586
80.998
49.186
49.168
36.606
36.703
36.635
36.467
81.030
81.068
81.070
28.455
7.774
7.774
7.870
8.033
7.916
7.916
49.252
49.252
49.224
49.349
49.345
79.684
81.010
81.017
81.094
40.100
30.280
77.009
49.794
70.742
52.115
21.238
21.300
21.440
17.036
49.484
49.453
25.767
25.724
25.757
25.836
49.259
49.208
49.168
49.284
49.300
49.300
79.609
79.573
81.002
81.257
80.925
80.982
26.855
38.950
37.161
37.185
76.941
76.990
81.803
66.101
50.949
52.191
51.934
59.241
21.317
21.209
49.542
49.351
25.753
25.766
25.803
75.932
49.249
17.499
49.207
79.614
79.575
81.016
80.947
17.347
21.129
87.078
42.008
37.046
77.002
76.927
76.928
50.929
50.867
50.948
50.997
59.324
59.244
77.681
26.263
75.742
75.877
76.780
17.559
79.572
79.574
45.780
45.553
45.515
50.975
50.929
50.924
50.935
50.924
50.924
59.323
59.318
33.984
33.844
77.770
49.532
49.520
77.767
77.875
83.469
83.634
83.593
26.145
26.194
75.956
75.859
75.893
33.294
45.641
76.910
76.992
76.928
51.007
50.927
59.350
59.153
59.299
33.963
77.729
77.636
77.706
78.088
83.509
83.466
83.485
42.255
27.746
27.727
75.898
75.589
75.778
56.499
56.499
76.910
55.930
48.793
72.345
72.414
72.452
72.273
87.895
16.120
44.621
44.723
44.663
89.897
83.657
83.509
52.289
20.839
20.839
20.839
68.736
26.188
26.188
74.383
74.438
26.218
26.218
22.114
22.114
9.374
9.374
9.364
9.337
9.370
9.324
72.390
72.390
72.385
72.286
72.351
87.895
70.056
44.687
44.728
44.734
44.690
30.195
9.477
5.502
82.837
82.829
70.772
82.826
1.639
1.639
1.639
87.144
45.499
45.562
51.537
74.518
74.409
74.107
74.428
74.358
74.358
22.102
29.042
29.042
28.976
29.087
89.648
72.470
72.428
72.361
72.367
44.663
28.407
77.844
82.822
82.822
51.589
22.114
22.114
59.081
59.027
59.051
69.907
69.896
69.977
69.848
83.836
83.540
83.555
72.446
65.742
33.129
33.103
39.784
35.812
34.144
76.991
82.816
86.681
86.690
86.815
51.641
3.952
51.703
12.799
12.786
36.607
59.153
60.348
59.191
69.940
70.038
69.912
82.497
83.555
83.513
65.613
65.646
65.618
65.716
32.863
33.196
33.062
26.938
76.991
86.739
86.744
86.832
86.796
86.759
29.072
36.755
15.162
81.589
15.162
42.114
11.692
11.692
47.407
61.434
71.706
70.049
70.031
69.815
69.826
69.863
83.589
83.596
83.557
65.619
65.619
65.057
65.628
65.736
65.700
33.012
32.996
33.104
26.987
27.007
86.736
86.689
86.770
86.762
86.793
86.693
65.384
58.407
81.532
55.962
9.260
42.539
41.790
43.014
43.013
42.816
45.235
10.523
10.523
86.058
38.173
38.208
38.205
69.957
69.934
83.599
65.773
65.800
27.001
26.999
26.962
26.966
8.380
8.321
8.185
8.277
86.753
86.700
86.704
86.698
58.396
58.394
16.070
16.070
16.070
12.872
81.606
24.340
24.087
25.416
6.815
33.006
33.010
41.589
33.060
33.022
86.016
25.222
25.222
25.222
57.042
48.226
38.097
38.097
5.117
5.172
5.059
5.151
31.269
31.269
31.379
58.454
58.423
58.375
58.349
58.323
81.509
81.442
14.887
14.901
14.902
43.934
85.993
52.899
16.442
16.442
20.997
13.188
23.902
30.477
30.483
30.462
58.441
58.429
81.582
38.196
28.887
12.708
45.459
56.442
56.436
78.548
46.702
66.558
3.138
20.201
20.201
20.212
20.171
54.038
54.038
54.038
12.882
13.178
17.441
17.441
17.407
17.399
17.355
29.381
88.937
88.314
87.554
29.509
17.735
32.940
1.905
1.904
58.386
44.359
32.272
1.995
24.521
2.062
45.494
56.467
56.427
56.448
78.483
78.415
52.982
58.650
30.160
14.988
14.988
14.988
4.228
4.228
17.411
34.329
28.484
28.484
28.477
28.477
78.133
28.355
28.427
56.467
56.527
56.450
78.481
78.488
52.997
78.555
78.579
78.579
30.315
30.002
30.238
30.211
79.728
29.266
29.266
29.296
28.554
28.554
28.453
64.475
86.396
86.464
86.493
17.496
17.468
25.030
25.032
25.032
78.553
78.553
78.552
78.579
78.582
26.240
79.712
79.802
29.256
29.235
15.915
17.115
72.442
65.763
86.221
86.356
24.929
24.929
24.905
24.905
25.062
78.541
79.648
79.658
29.271
29.299
29.484
18.204
18.164
18.092
63.501
63.339
72.676
56.689
59.353
86.363
86.354
86.283
48.646
48.646
50.100
79.061
63.401
63.401
63.423
63.339
89.871
89.944
72.666
72.657
56.592
86.351
86.344
8.606
8.634
8.634
52.845
52.817
57.556
52.833
88.222
19.088
19.088
19.088
47.884
63.365
89.862
89.905
89.845
89.813
89.705
89.880
86.296
86.381
86.379
47.953
52.798
52.893
52.885
88.339
87.731
87.725
87.568
62.938
48.113
56.830
56.603
52.242
52.524
56.654
56.690
63.359
63.359
89.833
63.359
89.873
73.710
73.710
87.579
53.547
60.732
8.613
8.613
8.613
30.897
87.706
87.673
47.986
35.075
34.717
25.698
25.682
56.665
56.682
56.714
67.595
89.762
89.774
89.973
89.848
34.855
46.732
22.668
73.710
9.854
9.843
48.590
53.532
60.715
29.038
29.044
17.277
17.277
89.564
17.257
7.914
26.272
56.755
36.567
36.603
66.737
36.416
13.150
13.134
13.134
53.560
53.577
53.553
88.019
80.968
14.275
65.033
60.736
54.931
79.011
79.222
79.115
29.061
29.070
29.127
29.076
29.076
87.605
87.837
87.605
17.422
17.422
17.310
26.270
57.438
19.156
18.990
19.158
19.158
9.318
78.179
36.622
36.627
36.616
66.276
66.156
66.631
62.565
21.020
43.483
53.563
53.552
48.371
88.043
57.896
64.844
52.307
55.180
79.170
79.280
79.141
29.091
28.993
29.011
29.011
87.663
57.504
57.544
57.494
57.501
55.147
16.812
16.812
16.812
36.627
66.713
66.757
66.843
66.692
45.708
21.034
53.553
88.161
87.978
35.374
29.988
24.551
27.254
14.098
12.468
12.372
12.372
79.164
79.217
79.208
79.250
43.473
43.540
16.986
17.116
17.106
17.115
83.300
83.294
83.393
83.341
4.221
4.304
4.292
4.315
4.315
57.534
57.483
78.089
55.058
55.137
78.164
25.331
66.688
66.779
66.692
19.138
21.002
36.837
24.142
57.908
26.810
58.798
60.908
84.039
17.170
17.158
17.145
17.077
35.919
83.428
83.293
83.280
83.284
57.459
78.285
78.320
78.207
65.368
65.575
66.734
66.821
77.507
77.382
50.812
50.851
50.851
47.167
53.739
42.995
62.876
11.706
13.120
13.114
13.114
36.739
84.023
84.013
35.915
35.940
35.938
83.358
83.363
83.268
83.309
85.370
17.201
14.518
14.518
14.518
14.518
76.773
78.386
78.249
30.275
65.444
65.591
66.639
77.381
77.465
10.201
77.371
50.811
50.812
69.242
69.240
8.595
62.924
13.033
13.008
36.786
13.014
36.787
84.191
29.801
29.763
35.928
35.928
35.929
58.026
83.308
83.308
83.366
89.728
14.580
14.580
14.580
14.580
76.761
68.863
68.812
68.747
30.259
65.305
65.185
65.280
50.993
77.533
77.407
77.389
77.387
77.332
78.137
50.841
50.765
65.816
72.286
69.240
8.566
8.566
8.643
15.419
15.418
63.036
36.763
37.526
37.445
37.360
37.505
37.551
37.564
37.576
37.576
83.940
29.618
29.618
29.618
57.964
57.984
58.037
58.014
58.059
58.059
30.184
30.068
30.080
29.969
76.887
68.689
68.689
68.772
76.894
68.853
68.817
29.676
65.267
65.347
51.004
51.076
76.190
77.496
77.488
77.320
77.488
77.304
50.734
50.754
69.114
43.565
43.873
15.453
15.453
15.453
33.188
15.386
15.386
19.492
37.479
37.549
37.540
29.736
58.000
58.000
57.949
57.963
56.348
58.002
56.226
12.934
53.929
68.793
76.920
68.864
50.508
50.495
50.448
50.512
24.150
50.991
51.032
86.440
76.231
77.504
77.339
77.552
50.817
50.820
50.773
43.596
37.770
15.390
22.351
44.986
38.939
46.534
46.534
46.534
82.165
58.000
56.273
25.677
21.069
21.039
21.027
21.043
20.979
20.979
64.399
72.352
12.901
12.901
12.946
12.763
12.830
50.442
50.465
50.533
50.484
50.519
50.548
24.155
24.086
33.303
33.322
51.136
51.205
78.843
8.594
84.908
38.143
13.849
13.849
50.820
73.281
36.138
43.354
4.234
8.163
16.139
38.087
36.064
23.168
48.412
48.412
38.995
77.625
82.841
82.752
82.978
82.938
10.208
10.130
10.149
21.024
21.066
21.150
21.166
21.082
22.625
77.658
50.582
50.545
50.593
39.179
78.852
78.852
78.800
84.781
84.767
84.958
88.562
37.454
36.188
36.153
16.068
65.083
53.334
53.380
48.412
48.412
77.564
77.577
77.581
82.988
82.852
82.881
21.102
21.112
21.149
21.403
21.094
20.560
20.509
20.502
20.629
20.967
59.775
28.434
89.612
89.614
80.487
78.802
78.838
78.881
78.840
78.891
85.003
85.027
85.027
82.264
36.117
36.097
36.094
36.094
53.379
53.325
53.357
79.461
89.334
63.767
26.503
79.172
87.752
87.834
82.863
70.895
70.895
20.571
20.567
20.560
20.574
20.593
89.619
89.619
89.619
89.619
78.787
78.815
78.819
78.830
78.874
85.045
84.910
84.830
84.907
84.922
41.237
82.062
36.026
59.972
36.066
36.066
36.136
77.319
77.319
33.519
85.282
85.282
89.349
17.529
64.075
77.584
87.744
87.781
88.621
87.881
5.473
5.473
5.022
1.887
47.898
47.898
35.692
34.884
34.855
34.915
34.906
43.484
78.819
20.698
84.919
84.930
84.972
84.999
82.012
39.098
12.227
12.227
12.455
89.400
12.287
89.422
35.572
63.761
63.777
87.827
87.850
72.575
72.575
39.028
39.081
38.991
26.367
26.276
26.293
15.224
11.339
34.901
34.913
34.855
84.886
9.674
84.994
9.674
11.380
20.349
23.799
39.076
51.596
45.284
84.016
89.392
89.450
63.821
85.046
33.154
33.154
33.148
59.879
59.879
62.772
87.800
87.807
87.807
72.615
72.603
26.331
26.331
9.315
17.401
17.350
67.453
28.903
28.880
38.154
39.191
49.836
50.109
51.600
51.563
89.353
89.257
81.864
35.653
85.077
85.112
81.500
11.458
16.638
16.638
72.623
72.704
72.684
81.421
58.156
58.161
26.325
58.121
39.053
23.662
17.369
17.477
17.477
13.127
13.133
12.983
13.171
22.556
22.595
18.939
1.560
67.451
28.965
70.453
31.957
53.356
49.839
51.701
23.108
13.070
23.151
89.311
89.270
81.964
59.446
85.064
85.115
49.188
6.099
72.623
72.609
72.755
72.767
72.710
58.139
58.026
58.184
58.143
29.685
29.685
29.660
35.768
64.244
13.171
34.298
18.878
18.899
67.474
49.420
26.834
26.928
26.834
43.589
43.589
35.005
49.639
35.792
35.979
35.771
23.021
23.144
23.103
23.066
22.982
23.135
70.884
26.482
30.093
69.908
80.781
80.839
80.813
80.811
80.837
29.784
29.784
29.733
29.720
29.728
30.598
37.823
35.837
19.788
19.789
19.821
7.579
7.667
7.597
7.609
7.609
43.544
51.940
51.940
51.890
35.528
35.425
35.636
68.624
68.624
14.669
14.669
14.669
31.160
70.979
24.870
84.726
27.921
29.156
21.206
23.062
23.013
22.932
22.932
5.685
5.681
5.681
80.794
25.166
60.890
79.728
86.142
27.792
27.764
51.577
11.758
62.879
62.723
62.572
48.859
19.843
9.829
43.522
9.808
21.366
43.557
43.557
43.535
43.455
55.684
35.607
35.398
30.591
63.763
74.116
10.431
18.934
27.914
30.130
27.911
75.872
75.872
75.832
75.832
80.768
80.758
80.759
80.800
12.937
67.375
70.672
62.766
27.767
27.792
27.745
25.449
62.886
62.918
40.041
75.716
32.360
22.981
23.028
23.000
16.768
16.820
22.137
58.157
43.559
43.472
43.455
43.493
62.443
28.009
28.016
28.003
70.947
70.988
70.898
12.268
27.971
27.911
57.437
19.914
19.914
19.983
75.832
83.154
26.937
26.864
58.611
57.260
86.086
9.964
42.210
25.297
25.276
51.477
62.936
63.228
62.832
62.827
62.850
75.627
75.732
75.755
9.874
9.874
9.802
9.802
2.714
2.354
74.089
16.780
16.783
16.792
43.564
22.201
73.965
30.510
11.874
62.107
17.359
71.053
26.096
72.468
13.060
16.889
16.651
16.651
48.815
26.906
26.832
38.640
52.300
86.179
25.495
25.163
25.349
25.291
13.157
13.274
13.274
13.159
13.159
27.681
27.721
62.917
75.711
2.434
43.165
24.431
24.431
24.431
74.086
73.955
47.377
47.375
7.490
16.584
16.589
16.589
8.216
62.211
35.099
35.082
35.157
35.113
35.216
30.928
30.944
30.928
22.454
41.205
88.109
87.761
76.392
76.412
17.145
17.172
7.397
52.302
13.153
26.728
26.728
26.405
26.405
13.146
29.234
29.234
27.706
27.616
27.696
27.819
75.730
75.762
75.681
75.389
43.176
68.640
25.428
33.461
25.347
25.374
63.826
63.798
74.047
74.043
65.675
47.370
11.491
11.491
11.491
68.670
68.037
68.684
62.166
62.155
62.210
35.042
35.245
35.106
35.130
35.128
35.185
49.681
20.605
22.399
22.399
22.399
41.180
46.595
30.260
30.260
76.414
17.286
17.221
17.208
7.848
20.168
52.331
52.397
52.402
52.402
48.296
48.296
48.327
48.373
48.373
21.111
21.353
28.678
50.426
28.466
43.149
43.154
43.209
67.775
67.776
25.416
63.787
74.066
74.153
73.906
43.371
47.381
47.345
47.385
47.604
41.901
67.346
68.630
68.772
68.778
68.622
49.924
62.154
62.174
49.965
35.479
41.110
41.148
41.167
68.303
48.025
22.489
27.334
7.883
13.696
47.860
49.550
49.550
76.333
30.355
30.135
30.325
30.325
20.168
20.177
20.098
48.296
48.357
48.314
56.541
49.477
49.477
50.592
50.425
50.553
21.026
9.034
25.120
89.766
63.542
54.412
43.326
43.162
43.138
63.736
63.747
63.174
63.565
73.990
43.423
40.937
4.412
4.412
4.393
4.403
47.662
47.662
47.640
47.635
68.686
68.662
68.609
68.648
63.218
62.140
30.147
41.023
41.102
41.102
48.002
48.042
48.060
51.116
32.027
32.027
40.442
40.471
45.702
30.505
30.372
30.376
30.327
26.646
49.598
49.510
68.220
2.478
2.478
50.563
2.581
2.567
86.345
51.414
87.826
42.364
66.686
66.635
66.670
66.670
63.654
63.786
43.295
88.720
43.445
43.447
88.701
45.934
47.622
47.641
47.653
68.639
47.623
68.616
7.612
68.687
7.581
7.581
29.965
30.214
30.143
30.083
0.000
35.445
0.000
41.069
47.974
47.954
47.282
48.033
40.483
30.568
22.604
40.393
30.312
44.928
45.072
45.140
27.676
27.774
26.697
26.658
26.658
26.668
26.665
26.679
26.632
26.632
49.514
23.543
23.543
23.389
36.769
86.403
88.301
25.065
11.305
51.412
87.851
87.844
87.880
87.841
66.686
66.635
66.670
57.881
14.986
57.930
43.390
43.486
88.736
43.402
88.699
45.890
45.890
47.625
47.608
30.123
30.185
14.826
41.373
10.835
22.735
22.731
22.739
22.600
17.390
17.320
17.320
45.120
45.160
45.182
45.188
45.188
27.619
26.680
26.667
52.425
82.185
23.579
23.654
35.760
88.340
89.823
3.181
13.428
87.811
57.898
57.898
57.850
57.942
57.942
81.738
43.367
81.762
82.331
82.648
29.315
47.583
47.582
47.706
30.125
10.800
10.800
10.800
5.106
41.353
41.338
22.582
22.556
22.346
22.607
17.461
17.468
17.409
45.200
45.190
45.195
45.187
29.104
29.065
59.131
40.789
25.790
61.616
61.616
88.326
77.006
72.067
20.073
57.874
57.838
81.783
81.807
81.840
15.299
15.301
15.301
15.320
15.301
29.214
29.184
29.175
29.292
63.762
44.760
30.353
41.314
41.393
22.449
24.428
17.085
29.103
17.528
29.071
59.093
59.100
61.579
61.622
61.620
20.078
20.096
20.083
20.068
81.800
82.042
15.259
15.263
15.254
15.250
29.409
29.282
63.637
63.695
63.644
63.613
88.656
45.052
38.314
41.367
17.505
17.505
17.505
15.551
16.688
17.554
45.572
61.649
20.095
20.114
37.986
20.076
20.076
8.653
8.653
8.615
8.719
8.715
63.558
63.330
63.415
63.728
89.070
24.685
32.403
32.397
44.994
45.042
71.858
2.065
6.868
61.350
61.429
61.379
61.655
86.323
86.323
48.671
48.494
63.566
64.321
63.652
63.603
63.628
32.349
32.360
32.421
32.238
32.406
45.171
87.144
87.159
87.132
87.212
73.752
89.431
61.303
61.303
61.303
61.361
21.099
21.099
88.071
56.848
83.761
89.327
56.811
56.882
63.660
63.630
32.408
32.402
32.393
54.476
54.549
87.122
87.157
87.079
86.963
87.106
23.203
89.524
89.405
61.338
61.371
61.314
49.690
88.116
88.084
88.147
88.073
28.699
28.699
56.852
56.825
48.134
89.362
89.344
89.365
89.361
56.856
79.392
6.285
16.321
53.521
54.590
54.703
54.569
87.287
87.203
87.177
87.090
22.650
22.598
22.598
22.600
22.679
73.737
73.667
61.316
14.512
67.708
63.045
88.094
88.056
88.091
88.061
88.043
11.201
56.864
56.861
11.205
56.823
56.826
89.369
89.224
89.327
89.327
89.331
53.517
53.636
53.626
53.600
54.602
87.183
22.657
22.774
22.766
22.675
73.681
62.970
61.602
63.009
87.992
87.990
88.041
56.861
56.844
56.868
56.804
56.811
88.042
89.331
89.325
89.314
56.904
53.565
53.563
53.513
25.807
25.780
40.201
25.756
25.795
25.795
27.058
27.075
73.566
84.801
50.072
50.110
42.859
88.033
88.073
56.875
89.279
25.814
25.803
8.621
25.809
25.799
82.240
82.212
82.212
27.062
62.953
67.792
8.015
66.728
42.806
42.929
13.117
13.097
13.098
13.174
25.509
82.207
82.171
61.477
61.483
61.474
23.708
23.717
23.717
13.126
13.252
13.200
13.097
45.522
45.471
45.471
82.241
30.860
82.217
82.306
82.241
21.423
21.402
61.420
61.446
23.560
23.560
23.711
23.711
45.403
45.525
45.529
45.537
82.191
82.123
82.255
82.219
82.203
61.465
61.536
61.482
61.459
61.518
61.483
23.715
23.605
23.701
23.701
82.148
82.148
82.259
44.862
82.204
61.494
61.503
61.443
61.558
61.549
44.952
44.912
44.888
61.537
61.550
61.541
7.670
7.670
7.577
7.537
36.662
12.787
7.648
7.576
82.913
83.011
82.929
86.671
86.543
44.838
82.824
82.840
82.867
82.864
82.900
59.952
12.205
12.205
12.240
46.816
86.520
86.563
63.650
63.650
63.421
63.632
18.064
18.064
82.934
82.803
82.774
82.870
58.443
54.476
12.229
12.139
12.160
12.160
24.866
60.983
86.644
55.804
55.650
55.760
55.748
80.869
63.681
63.643
63.690
28.522
28.357
28.493
28.596
81.290
82.847
82.785
82.865
71.996
50.006
50.026
50.059
15.319
15.424
15.408
15.458
46.708
89.511
76.580
88.033
21.980
22.663
4.290
4.290
59.132
61.304
56.154
63.682
63.632
63.614
38.614
52.556
32.327
7.636
7.636
7.572
7.544
75.311
75.245
75.352
50.063
89.549
89.577
89.433
20.856
8.357
8.343
8.343
55.909
54.351
63.602
38.071
38.068
72.040
76.027
14.878
36.778
56.496
32.365
32.456
75.307
76.458
83.635
16.727
16.819
16.823
16.844
89.516
89.617
63.257
60.224
45.774
45.931
45.931
45.639
45.755
52.468
63.065
32.384
23.825
42.870
2.433
75.353
76.836
49.907
42.715
22.045
16.832
16.757
30.365
30.365
89.510
61.118
60.299
60.289
40.805
40.766
56.790
8.217
8.214
8.197
8.197
45.737
47.654
46.271
45.863
45.863
33.128
42.859
42.859
42.915
75.224
69.102
69.159
42.659
40.861
48.088
48.370
30.399
89.489
61.123
40.819
11.344
48.812
48.738
48.816
48.636
33.644
33.716
33.693
33.693
69.811
69.106
69.093
15.257
48.202
9.116
70.922
33.040
33.212
32.928
33.015
89.197
33.710
48.712
48.578
48.632
52.978
33.715
33.710
69.203
69.170
69.098
15.249
15.221
51.225
15.477
48.228
48.193
55.263
19.577
19.680
55.041
33.065
33.033
89.166
33.037
89.164
56.219
20.751
47.152
59.976
57.817
57.817
15.336
61.163
15.331
38.344
17.476
6.739
6.279
61.136
61.117
61.139
19.585
55.069
35.074
35.055
35.026
89.975
82.810
19.536
19.559
61.282
61.041
59.358
59.260
73.135
33.221
33.210
6.209
6.209
6.209
22.419
30.012
35.029
35.100
54.996
35.127
35.120
89.067
86.340
51.619
17.036
16.947
16.994
30.823
19.581
19.766
13.091
13.077
22.427
22.427
13.069
50.809
50.054
63.264
62.721
8.717
8.605
8.605
27.214
27.214
10.304
10.304
10.178
10.178
35.101
35.079
34.987
35.099
89.911
86.379
84.728
88.930
51.680
51.617
11.012
10.912
11.033
16.988
17.057
17.017
17.017
18.072
50.829
50.832
12.237
12.535
79.946
79.946
79.959
43.547
77.808
8.551
27.238
10.029
10.029
10.029
35.094
35.075
35.008
86.299
86.393
88.284
51.553
51.553
11.251
29.647
29.986
29.902
23.312
23.312
23.330
39.376
67.288
80.016
79.996
79.990
72.244
89.464
89.671
89.708
89.676
2.929
28.449
86.307
86.364
78.690
31.178
29.913
44.324
23.311
25.553
25.533
34.087
14.075
13.965
67.285
67.299
89.147
9.668
71.926
9.907
9.907
56.130
44.960
8.680
8.680
8.668
8.589
86.293
86.255
30.113
30.106
30.220
30.199
30.199
29.835
29.846
25.528
25.566
25.649
34.053
33.983
34.050
25.620
25.611
14.026
14.040
13.966
37.527
29.831
89.790
56.102
56.021
56.180
18.013
55.275
44.976
8.224
55.449
30.208
30.208
30.241
30.353
30.198
30.217
30.222
54.867
33.992
72.946
72.947
15.249
14.636
56.154
56.113
56.099
18.008
55.256
44.799
44.946
27.604
14.188
13.847
55.849
61.704
22.472
22.436
8.701
8.701
8.680
8.519
8.520
54.771
44.107
53.639
21.370
21.359
12.008
19.876
72.973
72.991
11.230
73.014
18.571
18.571
56.238
55.345
55.324
55.388
55.237
24.902
12.836
12.836
51.943
12.850
59.879
56.270
5.864
22.343
22.439
22.458
8.566
8.566
8.551
23.442
24.505
54.782
12.891
12.891
12.926
12.926
12.337
26.456
89.944
81.846
88.900
73.012
73.111
73.240
11.154
33.935
56.075
56.062
55.334
55.197
55.328
55.207
55.274
24.862
24.731
24.731
24.652
58.973
24.753
51.920
1.757
51.963
51.967
81.517
81.517
24.447
12.920
12.859
12.963
12.963
75.856
72.996
73.099
26.388
59.360
59.404
70.829
70.806
33.902
55.351
65.491
23.839
23.847
24.660
59.104
24.681
72.391
72.361
72.440
75.005
30.826
7.616
7.616
18.271
18.271
28.020
81.756
81.853
73.112
73.355
46.845
59.258
70.867
20.428
51.187
51.187
51.188
17.389
38.815
23.927
23.927
59.036
24.895
72.449
72.356
74.980
75.050
74.922
74.889
74.902
74.914
18.312
18.312
18.311
81.890
49.780
22.664
22.664
22.664
22.664
46.881
46.900
70.866
70.807
20.836
67.376
20.886
20.653
12.826
23.878
23.894
52.110
49.443
72.292
72.369
72.465
41.897
21.888
74.895
74.922
18.292
50.124
50.111
71.666
71.711
49.857
29.569
29.543
29.467
46.930
46.890
83.578
45.223
45.209
44.949
21.030
57.242
9.692
9.692
40.085
40.073
41.886
41.886
50.161
71.593
71.643
71.680
71.680
84.634
84.570
45.227
60.675
60.640
14.785
14.785
14.722
14.651
14.651
49.721
84.537
84.544
84.550
60.705
60.847
60.562
60.593
84.914
84.858
33.684
37.208
37.067
71.588
71.573
71.596
21.072
14.626
8.492
8.492
78.039
75.176
84.569
84.537
20.868
20.868
60.729
59.003
84.813
84.850
11.652
17.650
33.723
36.907
27.201
27.191
5.349
25.620
12.144
12.149
36.626
21.054
21.045
71.596
21.015
21.055
41.955
41.835
42.059
17.017
63.681
89.808
53.392
84.495
84.588
77.011
34.122
60.613
60.589
60.678
60.851
60.851
49.872
33.411
36.552
36.569
41.754
84.496
84.532
55.363
55.396
47.926
55.397
34.862
34.934
60.642
34.840
30.483
18.447
18.437
18.450
18.062
18.452
18.454
18.453
41.775
41.886
30.801
83.778
63.595
55.454
55.353
55.390
18.415
18.326
18.350
18.355
18.365
30.816
30.767
30.794
30.638
30.715
83.850
0.000
0.000
0.000
0.000
0.000
0.000
0.000
25.169
19.542
19.568
19.436
19.429
25.815
25.800
25.719
30.856
30.954
30.873
30.723
30.734
19.485
19.478
19.355
19.347
25.813
25.813
25.828
25.778
25.778
8.232
8.232
8.194
26.367
25.814
25.796
25.836
25.828
25.825
25.424
25.377
25.755
19.700
19.707
19.888
19.690
8.183
8.183
7.563
7.572
7.588
7.616
8.091
7.521
28.317
28.290
25.469
25.375
25.565
12.572
12.208
11.950
11.950
8.651
19.731
19.774
4.984
4.984
4.994
4.994
28.176
28.287
17.405
5.109
5.109
26.127
26.205
18.100
56.975
17.318
17.376
17.373
17.373
26.199
26.112
18.070
8.652
8.615
8.613
8.604
8.624
17.346
17.419
13.293
67.508
20.485
20.485
20.717
20.744
20.687
20.730
20.723
4.299
4.269
4.256
