52.140
36.599
36.599
58.004
39.379
30.862
58.009
15.146
59.230
59.069
30.998
30.785
51.858
57.934
55.360
14.773
59.232
58.882
30.998
30.785
57.947
58.152
23.060
63.383
52.600
52.629
83.019
50.183
29.941
40.260
75.265
37.192
37.172
58.224
52.605
83.019
82.958
75.319
75.328
37.145
37.172
58.182
52.596
83.416
82.958
21.682
68.540
37.145
37.200
44.460
44.038
83.008
46.111
41.509
68.468
68.536
44.378
43.954
87.162
45.370
41.509
41.578
36.616
47.178
44.060
43.994
72.731
87.105
87.069
46.095
41.583
36.647
88.573
65.617
38.128
87.117
87.244
41.583
78.765
74.179
88.429
18.052
34.290
38.108
37.838
66.445
54.463
13.782
74.080
65.911
88.403
39.824
39.799
66.434
52.736
54.511
54.469
39.979
69.905
10.638
60.494
74.217
74.207
39.785
78.175
66.437
59.361
52.813
52.690
76.133
54.492
54.485
39.884
36.994
68.298
60.424
49.013
86.112
50.865
50.858
81.101
81.024
71.124
59.373
59.426
52.760
75.945
52.101
39.785
36.994
37.798
69.835
60.391
54.091
74.549
45.001
49.566
49.013
85.565
86.084
53.007
50.793
81.236
37.692
83.484
76.148
52.223
37.004
37.023
35.115
60.503
54.108
49.038
86.093
53.053
53.289
43.934
33.887
48.099
81.938
37.470
55.352
54.142
85.203
85.182
48.094
48.106
40.767
55.397
64.623
72.168
11.016
85.529
85.370
43.948
44.150
48.056
48.150
38.379
36.530
56.393
53.530
54.804
54.676
71.952
52.643
44.362
44.540
85.235
44.140
48.172
55.999
64.313
59.025
52.755
56.101
36.530
36.483
54.702
54.681
72.005
50.765
66.576
44.394
44.418
39.156
41.622
62.513
53.006
45.567
56.165
10.370
36.496
43.828
66.576
68.359
68.267
44.451
39.087
41.545
60.772
53.578
37.574
55.591
73.539
73.708
34.304
56.177
10.370
36.496
9.932
57.811
57.744
68.072
41.459
81.807
83.570
56.718
57.811
37.568
60.323
60.042
67.679
73.757
51.932
41.776
43.985
59.167
37.904
57.781
41.451
31.836
81.769
79.105
57.617
57.655
7.738
60.283
60.356
51.661
87.458
83.220
42.654
41.762
41.193
57.555
50.382
52.734
52.734
43.946
44.036
41.464
83.378
83.275
83.235
35.752
36.081
42.624
61.132
61.132
40.751
60.150
61.160
60.033
83.294
27.402
87.436
87.486
87.444
78.416
76.824
42.654
41.762
42.039
68.650
59.308
60.872
60.910
52.771
52.709
72.157
75.265
75.275
44.077
44.150
56.313
57.025
41.278
83.316
83.383
54.252
36.081
34.726
61.132
61.132
41.632
63.656
60.258
57.533
57.566
84.963
85.126
82.230
84.572
34.433
87.418
87.531
45.412
45.356
76.630
34.016
28.210
74.392
74.417
42.087
42.314
67.491
60.872
60.860
60.986
72.157
72.153
77.532
75.404
75.130
56.581
53.757
53.773
41.179
65.645
58.674
58.682
84.258
9.257
42.624
41.062
41.632
41.644
43.236
57.544
85.023
85.113
82.398
82.078
82.451
43.660
68.625
68.790
52.381
45.412
76.848
76.693
34.000
28.210
74.248
74.369
56.286
42.307
60.923
77.628
75.282
53.802
53.767
50.278
64.617
64.648
40.851
88.263
88.238
22.623
41.644
62.302
62.192
57.544
51.802
82.316
82.375
46.704
46.713
68.618
68.813
52.417
58.248
35.070
27.994
74.236
74.253
53.201
67.651
63.629
67.283
77.443
61.686
21.663
53.806
41.722
64.808
64.711
40.851
88.352
88.210
54.377
22.623
62.331
62.161
75.864
75.880
64.060
71.253
51.708
51.696
59.912
59.859
29.314
43.323
46.823
68.782
48.867
48.693
48.267
43.904
38.010
36.496
36.497
47.398
41.747
41.773
64.581
58.004
53.111
88.186
34.416
54.377
52.334
62.380
79.243
79.228
58.670
71.140
38.938
52.662
59.872
59.625
61.773
61.721
29.577
43.323
46.791
48.711
48.683
38.951
84.488
60.005
48.267
85.530
85.530
37.943
40.428
48.595
85.300
85.356
36.487
36.477
55.768
36.403
34.416
29.552
54.377
52.361
31.513
79.255
79.188
3.895
71.101
20.658
52.662
59.542
61.840
61.667
61.780
53.130
48.758
43.513
38.951
84.620
48.191
42.370
84.649
84.665
5.368
42.058
48.579
48.342
85.333
85.425
85.439
36.485
55.736
55.698
34.416
29.625
87.044
34.463
79.341
38.201
37.429
57.567
57.530
61.790
61.743
32.605
85.305
62.309
33.908
43.513
83.766
83.307
42.356
35.808
85.452
5.368
45.343
45.091
42.058
48.599
48.553
65.522
55.738
29.590
57.427
57.540
32.605
40.919
33.908
57.545
43.438
68.681
27.870
83.307
61.647
61.651
35.785
35.808
53.524
83.287
21.197
53.620
47.278
45.091
41.994
44.517
44.317
41.965
42.012
24.794
42.143
48.518
37.953
52.912
57.540
85.895
40.919
41.180
51.701
60.838
27.870
61.685
61.727
61.089
61.057
35.855
53.592
72.298
80.236
53.477
19.224
9.504
45.267
76.442
76.412
56.145
44.317
41.942
87.415
37.489
43.043
62.244
62.299
47.757
47.757
42.143
36.698
22.298
50.775
51.745
37.888
37.126
82.766
85.960
41.180
65.974
36.303
61.747
59.435
60.335
60.960
80.570
80.631
82.352
72.224
72.460
72.700
22.377
17.253
27.092
76.429
55.708
77.229
41.947
87.572
69.583
79.799
43.146
70.176
47.757
62.251
42.108
36.698
40.729
22.298
40.700
37.115
50.723
51.745
37.071
85.859
28.210
20.164
36.303
79.024
59.375
59.435
60.283
60.219
60.880
86.174
86.218
80.570
80.649
28.038
49.146
47.356
68.497
75.775
72.167
77.489
87.544
78.836
58.558
67.719
41.596
55.371
75.253
75.253
75.186
75.523
53.555
71.729
79.259
62.437
47.741
40.312
22.246
74.662
40.673
34.261
60.497
52.642
28.210
56.792
56.698
36.236
9.707
46.546
86.376
44.591
44.478
28.371
47.397
47.346
71.025
23.676
8.352
46.120
77.592
2.313
5.038
58.756
38.516
55.401
76.141
78.100
62.398
60.434
38.031
50.700
56.506
40.406
74.550
74.654
65.287
34.246
87.563
51.242
75.753
28.210
48.578
56.792
56.701
48.631
32.735
74.967
46.562
80.866
45.089
41.566
61.768
44.395
44.474
85.472
40.778
47.348
23.676
62.950
31.959
26.890
71.882
62.755
38.516
38.093
60.445
73.749
73.651
38.956
66.416
74.659
74.688
56.965
87.091
75.826
75.753
56.739
48.127
24.617
28.582
44.212
45.026
86.300
86.294
7.030
85.472
83.718
84.995
79.951
62.785
31.967
73.117
62.859
37.685
38.060
52.035
4.404
6.024
33.300
29.069
42.238
73.643
46.770
65.082
38.807
66.928
55.323
75.826
48.582
89.785
63.081
38.907
75.174
86.248
86.155
9.554
46.825
68.481
43.363
55.647
55.262
18.987
87.404
73.117
57.985
60.965
72.340
6.024
29.249
77.529
39.043
38.807
49.350
67.621
67.637
58.510
73.393
55.323
82.895
48.582
60.572
76.343
89.785
72.322
40.458
75.112
75.174
69.647
86.215
39.081
46.825
64.063
64.045
68.498
56.281
15.142
40.969
41.905
76.805
75.245
82.969
65.592
79.076
79.009
42.093
29.252
21.350
38.831
5.545
50.921
49.251
37.560
67.430
58.570
54.412
37.925
24.041
85.889
85.844
50.966
68.724
63.206
42.484
89.768
36.822
40.452
75.037
75.312
16.853
69.647
87.908
30.604
86.784
49.152
24.066
44.612
15.142
46.622
41.905
76.565
39.077
85.572
86.808
42.095
42.093
41.998
48.781
85.131
85.088
34.825
39.933
45.062
16.701
58.510
43.370
37.925
85.854
85.736
39.664
84.690
83.433
84.856
51.787
49.583
38.133
40.416
75.034
75.056
32.384
87.908
48.716
49.152
19.552
32.718
24.209
37.875
44.612
44.606
41.905
30.406
39.039
60.714
86.710
86.714
30.035
69.016
48.781
48.781
85.074
85.036
42.329
82.275
82.269
63.654
27.988
45.224
35.526
62.034
52.685
80.474
39.449
85.827
85.810
82.270
61.008
82.492
38.657
46.195
38.081
45.612
48.305
49.156
67.416
32.718
24.209
59.203
44.606
42.369
42.369
30.651
33.963
48.322
35.613
48.781
41.563
42.217
42.296
73.384
71.144
28.137
61.316
49.497
52.685
52.685
79.675
79.572
36.713
41.412
71.421
71.440
60.083
62.084
44.178
38.349
46.200
46.196
38.382
41.997
41.337
73.930
86.149
76.733
43.144
48.602
39.267
63.380
32.718
49.984
37.669
39.612
49.682
42.528
42.404
30.923
34.005
76.657
73.071
32.806
56.966
37.504
37.481
32.163
32.159
52.685
79.633
41.412
41.412
33.452
44.265
42.925
53.292
75.928
75.909
41.337
56.957
86.167
85.928
18.234
48.648
39.267
52.388
37.669
49.775
32.764
42.528
42.404
71.016
30.641
5.254
82.533
78.328
48.520
34.154
41.563
38.346
41.541
56.888
62.742
47.453
37.530
37.344
86.301
32.163
62.397
44.852
44.852
41.412
33.452
44.279
44.265
65.078
60.351
67.125
69.210
61.939
53.340
75.917
56.042
58.738
86.152
85.999
48.395
34.268
50.815
37.634
32.737
70.727
72.827
71.666
55.833
48.697
82.612
82.533
82.533
64.731
48.457
36.252
54.986
44.934
62.019
62.039
62.049
53.342
58.202
41.541
35.707
47.453
47.453
42.499
37.344
44.427
62.397
62.416
87.274
45.658
44.852
46.791
33.452
44.203
37.513
89.091
60.374
60.351
67.632
69.418
60.260
61.984
71.402
50.434
34.268
70.608
70.708
49.736
49.886
82.612
43.856
7.597
59.108
49.787
84.385
84.385
44.982
29.439
62.061
62.121
41.541
70.842
35.708
41.022
35.799
47.453
47.453
39.649
62.365
83.380
82.556
46.791
2.824
44.219
37.513
37.513
39.927
39.949
60.402
60.402
69.418
60.260
67.056
18.520
70.059
67.182
4.291
35.858
60.937
36.694
11.005
45.668
28.773
42.876
3.219
49.671
62.094
30.703
41.020
55.593
38.747
82.560
82.510
74.436
74.943
79.312
55.952
40.309
2.824
80.534
39.946
39.972
52.829
30.165
60.134
67.176
67.087
67.045
56.086
66.329
35.858
60.941
35.470
59.269
40.104
45.671
35.077
42.876
79.581
48.403
30.703
28.231
38.747
84.028
61.846
72.505
66.276
63.678
55.952
55.952
86.975
40.309
66.739
66.739
39.946
37.218
29.550
44.582
67.147
67.105
67.052
42.830
73.914
66.946
53.200
62.631
23.206
39.132
54.790
35.858
69.103
34.055
40.104
45.671
45.878
36.712
49.969
66.717
71.254
48.403
53.340
30.600
61.103
61.303
68.025
53.332
44.530
62.513
86.861
46.897
86.516
57.901
66.176
65.910
40.912
63.620
55.952
28.014
66.739
37.310
29.550
62.202
66.978
89.687
39.528
42.849
66.946
53.277
79.749
55.882
23.206
41.194
56.937
88.534
54.497
68.817
34.143
88.815
85.960
36.769
50.074
40.457
39.649
83.636
83.584
53.589
53.669
40.978
40.978
65.729
65.807
41.893
61.340
61.372
52.839
32.103
44.530
62.513
86.861
46.897
3.296
71.105
68.577
54.127
66.122
88.180
88.180
76.962
76.761
39.881
37.807
37.339
79.397
38.821
81.880
43.603
80.875
78.291
53.335
79.594
55.882
41.220
35.497
59.396
68.800
62.640
34.143
41.390
88.736
33.199
45.060
40.443
19.303
20.134
39.617
83.660
83.620
53.305
53.706
65.569
65.585
41.957
49.245
52.839
48.095
41.558
32.589
77.324
54.127
88.178
76.960
47.834
67.952
59.372
79.375
79.397
79.442
50.040
34.570
82.220
71.107
73.511
40.851
51.324
61.667
61.557
41.280
35.801
49.994
41.390
33.199
33.199
40.450
40.511
33.898
79.188
79.148
28.423
53.405
61.753
51.883
59.201
62.227
49.299
81.602
81.465
51.411
40.312
40.407
2.671
41.558
32.589
27.865
35.691
82.061
74.241
74.017
35.821
48.741
48.713
62.323
65.252
79.430
47.208
39.447
43.253
82.163
18.945
38.776
89.262
75.622
61.735
61.557
41.280
35.801
40.711
39.236
41.390
38.106
40.481
33.715
33.898
28.423
64.586
56.230
26.543
81.597
81.450
51.411
37.869
35.174
33.760
41.558
45.034
35.691
86.832
22.867
61.542
48.780
54.588
66.345
83.338
54.851
76.091
76.091
35.852
87.376
13.441
39.898
80.516
41.019
40.976
31.059
51.621
36.768
39.236
29.361
6.608
38.106
41.093
41.111
82.186
82.221
76.008
41.075
23.730
56.385
26.848
85.431
24.527
71.505
60.685
35.174
83.551
37.210
41.641
61.098
88.563
75.484
75.325
48.780
78.225
35.852
87.436
87.395
75.844
40.947
75.333
75.430
8.507
36.768
39.278
37.796
71.655
71.655
53.356
41.093
41.117
53.263
41.709
41.671
23.730
39.280
84.160
24.671
24.527
63.733
24.682
11.106
34.904
71.505
60.686
26.310
61.098
61.098
76.456
71.831
88.564
75.494
75.541
22.824
43.074
87.503
87.318
81.543
40.947
75.333
75.314
3.163
56.855
37.780
38.862
41.035
71.346
31.633
50.384
34.574
23.702
39.280
39.298
19.323
34.762
63.926
63.039
43.746
82.253
26.648
54.544
36.992
13.420
71.831
71.831
73.088
73.088
59.726
22.824
25.793
51.535
8.840
51.416
34.342
81.543
85.984
68.448
47.097
56.855
53.578
38.862
26.617
74.202
31.633
62.325
23.702
83.470
72.728
72.775
34.843
72.741
71.899
82.253
59.220
86.510
54.066
59.467
59.268
73.088
73.088
22.823
84.391
79.214
68.909
49.439
34.342
59.473
47.145
34.222
53.578
38.811
72.438
38.910
73.276
22.034
31.633
62.369
62.204
45.122
72.691
72.902
20.701
68.008
67.979
70.969
67.171
72.321
75.362
74.451
59.220
25.748
54.066
67.678
73.784
82.406
22.823
85.208
85.271
32.553
68.909
59.302
13.109
44.283
34.342
58.581
42.491
61.845
61.868
51.550
41.490
50.557
34.648
57.447
44.985
44.995
72.492
42.432
34.392
34.311
34.171
51.627
55.382
46.647
68.011
68.008
32.841
86.964
68.559
51.612
72.362
75.388
74.451
59.220
64.085
51.227
79.978
79.573
68.484
42.219
85.235
85.277
44.956
9.671
35.563
37.923
80.439
58.581
71.150
36.204
87.554
18.235
57.196
48.674
34.648
44.985
44.995
74.382
46.311
80.779
80.738
69.739
34.392
34.296
34.202
48.476
51.374
63.623
30.902
68.047
86.846
69.534
86.949
51.522
88.769
88.772
82.179
64.085
26.935
61.640
61.640
48.312
67.934
72.755
46.553
57.903
40.860
77.820
40.405
9.467
37.923
50.227
80.439
84.002
63.838
8.717
62.131
36.204
40.323
18.235
60.466
46.772
84.660
51.664
63.807
74.156
66.880
51.487
11.900
80.736
80.657
48.210
42.467
34.202
24.532
84.669
51.607
63.640
30.937
60.733
86.810
86.873
25.296
56.913
61.640
60.741
57.955
67.934
76.034
84.789
69.634
40.935
31.075
43.910
4.470
73.161
80.145
84.002
77.472
42.569
53.482
49.986
65.708
51.295
7.170
46.302
45.728
82.351
39.801
39.737
64.045
60.715
28.249
66.914
39.141
85.141
83.693
82.165
61.898
31.152
78.742
78.686
16.489
69.634
57.111
22.701
82.990
40.393
79.876
38.038
89.391
65.125
73.322
85.330
85.380
47.131
70.195
20.300
48.191
51.528
7.170
82.343
82.359
39.815
39.745
69.618
69.540
24.558
85.799
41.555
28.249
66.897
40.385
82.437
62.689
31.152
14.314
78.679
78.682
38.211
38.211
81.067
83.931
22.701
66.816
67.131
39.476
89.485
61.106
44.890
39.074
60.605
67.729
54.776
70.190
20.300
42.182
14.942
85.057
87.149
34.705
7.181
82.315
82.443
39.796
68.321
69.577
85.799
41.458
78.182
55.195
81.201
28.249
54.044
85.756
40.385
10.591
59.079
61.932
64.763
31.152
6.817
76.384
34.021
88.161
38.211
76.176
56.027
72.347
72.347
70.711
64.387
24.601
37.446
79.466
83.824
44.873
39.067
41.142
69.756
69.667
54.489
85.349
41.949
46.214
71.234
82.312
82.313
50.149
39.919
78.289
57.064
39.043
41.458
55.210
55.166
81.570
38.007
38.038
54.044
85.709
51.160
47.917
59.566
40.681
6.817
70.623
76.032
36.096
86.250
87.143
7.228
80.325
40.714
50.066
43.440
37.907
83.419
86.332
42.133
54.265
68.405
34.701
46.214
83.676
83.677
71.239
50.493
56.806
49.913
81.259
81.247
34.438
39.977
44.936
35.222
43.956
48.190
41.511
55.180
81.258
37.476
38.038
87.934
47.917
88.611
54.185
80.262
5.767
77.662
79.194
34.334
45.740
45.740
62.734
39.451
49.083
82.232
61.192
37.696
50.066
43.440
61.569
58.864
83.419
34.352
40.327
67.671
63.751
31.553
48.468
48.423
50.379
55.583
83.687
50.493
81.193
81.055
34.438
32.518
35.028
61.163
62.897
63.667
82.949
78.843
54.796
65.970
72.632
5.767
79.021
63.005
40.321
35.410
53.310
49.086
43.626
80.870
81.321
3.238
43.440
44.529
13.174
40.329
46.698
72.074
43.682
43.569
48.379
50.346
55.613
27.010
48.886
49.680
81.233
34.492
81.394
40.306
61.144
63.705
66.074
62.806
81.276
65.702
29.857
48.734
34.334
28.062
27.865
54.689
40.315
50.992
35.367
53.310
49.043
37.487
57.121
9.866
44.509
39.290
41.100
41.055
44.526
30.606
42.646
88.798
88.798
70.538
51.817
58.261
58.261
50.638
62.806
47.576
65.679
40.117
28.137
58.504
51.884
35.367
78.526
85.884
85.937
36.085
57.185
9.866
39.248
41.100
57.081
87.727
87.727
50.247
35.532
42.632
21.463
31.410
20.632
58.625
58.687
69.525
35.940
59.220
65.171
49.307
58.904
77.442
39.223
75.054
58.261
59.440
60.809
47.584
81.815
16.871
56.054
86.161
51.884
20.032
41.344
85.915
85.967
85.996
36.085
27.178
50.454
46.680
83.311
52.904
50.606
38.962
89.853
86.468
42.037
25.310
37.463
39.912
69.647
65.808
65.045
65.134
49.924
78.990
77.349
40.416
80.248
86.518
4.964
43.450
43.776
24.550
60.708
47.702
47.704
16.871
76.718
68.024
56.054
41.385
41.380
47.014
46.680
46.705
83.311
53.081
52.855
52.904
82.814
50.606
38.962
42.155
37.410
39.610
39.610
19.034
39.975
34.616
73.028
65.800
65.795
65.067
65.122
10.791
72.899
86.866
58.075
42.553
60.764
76.231
76.718
13.842
76.718
39.538
51.298
46.974
46.705
54.416
53.081
44.696
33.633
31.553
13.527
39.610
53.407
80.516
48.133
75.319
75.296
41.655
34.732
36.896
65.721
65.110
65.046
73.779
73.337
73.783
73.813
40.459
41.556
80.670
28.138
76.718
13.842
76.718
43.956
51.298
46.935
49.131
70.970
56.686
33.633
13.527
80.074
78.683
52.294
41.463
39.147
39.610
53.385
80.749
75.319
75.269
51.691
58.418
36.812
50.158
55.221
80.913
38.354
66.259
66.223
32.978
72.512
56.289
43.912
56.942
28.895
58.601
70.359
40.278
83.811
49.131
71.651
89.003
85.346
85.346
41.881
88.332
56.492
48.872
13.527
68.421
54.181
17.175
52.288
52.285
21.688
39.203
75.279
41.015
58.440
64.737
57.549
36.917
36.911
55.170
39.288
40.136
33.214
74.772
20.531
66.775
66.224
47.965
31.820
31.729
56.255
70.747
40.745
38.735
70.359
70.359
47.539
61.520
42.640
63.811
75.520
83.842
41.444
48.678
79.648
79.648
53.935
49.026
85.346
41.947
88.332
56.492
17.175
55.558
52.288
39.347
39.169
62.272
6.288
41.040
40.964
58.459
57.326
37.364
55.187
40.220
40.136
30.267
81.348
77.885
43.471
6.615
45.789
86.640
31.729
46.932
16.536
73.613
73.359
46.809
88.603
88.633
47.342
42.919
75.520
75.520
66.724
29.179
73.509
42.420
52.464
47.790
52.598
33.737
56.281
56.297
18.094
75.086
25.475
61.594
61.604
55.461
48.451
63.938
42.575
21.612
62.262
85.357
85.351
41.006
57.640
60.538
63.935
72.603
81.344
79.094
60.198
81.417
69.248
32.403
67.111
62.571
71.816
63.841
87.036
77.278
46.911
16.467
49.481
75.080
50.930
28.101
36.261
47.515
29.179
43.212
42.987
87.885
37.422
52.598
34.807
76.922
42.490
33.787
18.094
25.475
61.584
61.604
25.373
58.796
48.895
35.841
42.746
52.547
53.602
55.791
77.031
51.503
51.663
31.337
63.549
46.635
79.829
79.838
65.074
65.301
81.145
27.887
71.954
71.818
71.835
46.340
85.831
72.958
16.467
42.022
26.334
67.289
23.994
29.190
29.179
29.128
43.208
42.981
37.422
63.598
76.902
68.099
50.207
86.075
77.968
66.436
25.373
58.768
35.841
87.590
76.449
53.573
55.761
61.316
84.689
51.603
88.836
81.791
31.324
34.015
5.073
64.680
70.557
65.108
81.145
40.695
41.283
27.887
84.239
46.378
18.045
76.318
85.520
87.534
87.488
54.304
28.101
42.043
23.994
62.561
72.526
31.587
85.858
44.995
43.006
43.015
47.083
63.541
63.666
47.363
28.916
86.075
66.521
58.136
59.922
35.859
42.759
87.568
89.624
53.648
61.316
76.988
51.603
44.300
53.462
64.750
53.229
40.488
86.510
86.452
41.672
17.081
33.287
84.239
84.239
46.378
76.786
41.966
87.380
54.304
33.102
33.102
8.868
31.536
58.399
52.019
60.917
59.347
84.634
87.380
10.851
28.900
58.086
58.179
49.221
35.952
53.648
38.191
63.530
63.296
51.843
44.300
69.870
69.877
13.236
53.551
86.506
86.396
51.279
56.011
14.064
59.463
74.431
74.431
63.262
11.080
48.491
8.868
31.536
58.403
58.490
60.951
51.246
87.302
78.609
10.851
81.306
81.431
60.765
28.880
26.476
69.947
69.947
58.115
55.383
69.893
69.951
38.315
63.547
63.305
36.936
51.763
51.805
33.975
69.883
69.838
33.141
33.105
53.470
50.680
67.984
9.988
26.457
86.522
41.572
63.219
10.890
35.627
58.426
62.982
76.764
26.156
78.537
76.905
56.179
60.683
60.857
26.664
70.017
69.894
43.982
37.860
60.786
36.882
51.851
51.239
52.499
8.420
33.141
57.904
37.768
73.570
67.949
7.897
59.904
45.580
77.240
77.253
55.342
37.221
41.475
35.627
69.890
43.417
62.642
78.923
76.966
57.177
60.683
60.840
51.877
31.129
69.928
69.882
33.602
37.834
33.548
36.903
22.681
51.191
33.558
43.801
69.104
52.499
10.043
72.566
72.650
18.000
49.662
37.768
73.722
41.239
43.626
40.818
56.850
41.572
77.279
77.310
55.342
56.558
41.497
19.740
35.627
41.182
77.047
66.864
57.056
89.296
88.786
32.553
52.016
35.404
62.462
42.322
60.802
62.182
47.416
33.405
33.592
22.834
37.298
51.191
51.095
33.753
69.104
6.794
46.751
60.857
27.761
72.567
42.430
70.728
76.027
37.768
72.713
41.044
54.786
45.539
50.095
50.081
9.340
34.097
59.503
56.513
35.627
14.857
89.298
89.297
54.408
35.180
60.725
53.126
53.997
47.362
47.393
37.298
61.916
61.090
60.910
27.761
42.423
70.894
70.743
76.017
26.119
80.801
80.801
65.305
49.591
31.307
27.678
68.883
34.097
72.810
8.164
81.447
32.873
32.397
8.963
55.018
86.884
8.143
89.273
89.275
28.572
65.514
65.236
50.590
34.544
30.977
47.381
46.338
70.611
70.810
51.284
7.859
52.477
58.396
58.179
48.246
37.697
42.496
70.813
70.769
72.844
34.723
82.647
72.250
76.416
65.310
65.281
50.086
87.726
87.770
78.846
89.880
54.526
80.720
80.659
40.280
81.593
19.338
59.802
54.999
54.905
9.435
65.097
50.122
50.590
61.154
61.216
62.203
54.226
60.942
81.554
43.159
70.586
70.879
70.396
26.116
41.489
53.689
52.505
73.078
38.501
58.396
58.157
48.281
48.049
72.810
72.859
78.306
82.647
76.405
65.233
36.443
78.938
50.086
54.955
71.025
32.393
44.384
59.060
34.366
39.896
89.870
89.873
37.905
10.506
60.726
82.598
81.560
70.779
47.823
54.983
36.686
50.122
87.938
87.961
30.855
62.097
62.199
30.964
41.462
44.968
58.868
61.981
70.816
70.675
26.116
77.260
41.433
62.631
27.135
39.609
38.479
63.966
37.782
47.110
41.490
28.013
72.822
72.778
43.822
89.772
74.402
78.938
61.977
50.092
54.955
60.647
73.077
83.511
44.427
59.060
34.354
24.453
39.724
39.853
89.890
81.648
37.291
48.835
41.785
67.316
32.118
12.351
47.823
58.619
78.499
41.200
75.966
39.901
39.858
81.037
66.217
61.793
61.922
87.940
87.185
30.883
62.163
31.237
33.143
41.397
46.011
2.591
62.631
40.061
55.088
53.050
53.019
33.154
44.626
36.727
54.851
80.939
47.105
27.939
27.407
54.660
78.534
25.825
59.398
46.590
76.872
82.340
40.946
23.833
29.815
82.982
37.404
37.858
41.712
67.732
32.118
27.850
57.861
78.499
41.359
76.027
57.390
63.022
39.856
39.846
81.037
62.110
61.957
51.946
88.022
88.068
72.328
33.289
31.300
51.250
49.649
40.061
54.999
53.067
53.012
74.908
52.090
44.618
39.298
54.851
47.921
27.939
75.898
37.440
52.227
78.534
25.552
40.960
49.318
37.730
46.590
84.583
84.583
61.852
59.246
20.425
32.788
83.923
37.227
37.835
75.961
75.803
28.565
25.916
33.816
57.842
46.153
41.138
57.720
69.609
62.913
39.846
58.774
52.427
83.118
33.313
33.262
70.285
54.942
51.229
51.161
42.610
41.784
49.649
51.480
52.987
53.029
74.861
80.914
52.069
39.222
75.442
3.880
47.806
89.381
85.021
35.909
26.577
76.014
80.256
54.826
42.163
43.263
66.754
41.146
56.583
13.148
55.448
61.791
25.386
39.911
32.788
49.086
60.649
37.124
84.533
28.084
26.528
62.764
34.850
37.517
85.420
34.458
86.568
69.787
83.175
33.337
72.338
58.481
51.293
51.221
41.772
41.825
31.755
50.141
61.473
88.882
78.667
74.828
39.112
5.388
73.148
83.286
83.275
35.909
50.384
29.527
25.308
38.744
46.999
71.320
41.146
13.148
73.932
69.489
24.104
32.788
39.780
39.388
49.538
65.151
71.874
70.561
26.506
36.672
89.060
89.053
80.379
34.458
51.362
42.774
83.101
38.270
48.952
48.858
57.078
57.078
72.349
72.227
52.586
52.157
50.353
49.803
41.776
41.825
77.312
31.739
50.141
74.867
26.304
39.436
42.165
39.120
43.805
35.998
50.755
50.458
86.238
86.200
46.999
27.090
41.119
50.033
73.952
73.923
37.546
73.033
50.092
81.345
52.791
62.865
32.605
40.089
31.817
31.817
49.334
65.151
20.349
29.014
34.047
53.473
36.582
89.202
80.393
80.373
59.410
42.797
60.290
48.822
57.049
57.142
72.340
72.302
44.001
49.639
36.670
50.241
49.803
84.129
65.473
31.783
50.141
55.883
39.437
39.436
39.227
39.307
46.273
35.998
60.814
86.238
39.345
83.569
79.684
27.090
54.532
83.862
37.533
17.634
47.183
42.751
6.263
72.624
41.614
31.817
38.247
40.921
33.704
20.295
34.047
36.582
72.535
80.366
80.333
40.850
68.699
41.462
39.726
58.976
48.883
57.059
57.070
73.140
4.005
49.794
0.202
78.752
84.129
86.124
65.465
31.911
72.291
54.326
73.151
43.792
61.082
61.062
89.553
8.695
25.415
64.922
39.369
66.985
62.154
45.255
83.976
83.850
36.141
37.489
87.849
47.183
82.747
77.920
77.890
40.902
75.030
61.479
34.142
39.262
40.712
68.765
7.869
20.295
34.047
41.299
70.218
70.311
72.566
72.554
44.351
65.858
41.511
39.726
39.610
58.947
51.584
51.318
68.197
49.666
87.435
87.397
66.035
0.202
72.995
65.465
72.291
53.798
76.596
76.625
43.816
43.771
36.811
36.922
61.097
61.083
56.994
89.600
8.695
25.436
25.415
48.226
22.877
78.182
47.801
62.269
82.384
83.956
41.069
11.893
70.237
43.271
78.444
87.169
78.045
77.951
45.091
71.994
44.386
34.054
33.425
37.014
30.320
40.712
61.670
71.681
71.695
37.229
42.641
59.022
79.430
88.222
42.689
34.633
67.825
32.532
77.821
56.826
67.883
63.625
58.900
51.641
51.580
87.454
87.426
20.814
57.056
51.422
25.831
33.797
55.431
76.637
76.621
43.760
43.778
36.971
36.922
34.023
57.071
57.001
89.617
22.877
78.182
47.831
47.803
64.204
70.242
52.172
87.871
54.611
87.078
87.084
84.590
27.350
34.156
71.993
30.315
30.277
79.625
51.389
71.648
71.678
71.732
83.184
83.241
37.229
42.640
42.030
42.043
74.166
34.633
22.536
56.632
32.532
82.075
67.977
67.871
59.451
65.474
59.030
51.612
59.326
77.797
77.731
51.439
36.666
57.181
57.116
51.364
51.386
32.678
60.120
36.971
33.999
51.929
57.358
56.931
48.180
70.177
70.316
40.897
65.184
65.219
54.619
24.267
33.301
87.323
37.324
30.277
51.628
79.069
43.940
83.155
41.609
34.124
42.649
60.907
60.898
41.322
87.851
87.802
82.071
67.945
66.077
51.577
65.295
87.595
87.679
87.626
59.205
59.416
65.754
80.507
80.615
77.937
77.737
52.265
36.666
57.159
60.103
60.121
78.256
71.160
30.764
58.639
37.246
37.246
40.074
79.425
48.078
32.320
70.206
43.615
41.897
65.192
65.238
65.440
88.318
18.141
22.817
79.112
79.094
64.276
82.149
34.134
32.136
24.727
31.835
82.749
50.330
87.802
81.970
81.901
34.798
51.573
87.667
69.223
55.183
59.243
53.061
80.644
77.810
77.720
54.864
45.468
40.472
43.822
56.933
74.115
40.833
60.087
37.246
78.709
83.811
70.224
85.109
41.941
43.615
57.958
65.217
41.497
26.618
44.400
44.400
39.662
43.888
32.136
24.727
72.057
82.740
82.472
45.281
57.976
58.031
43.068
34.798
66.533
55.211
38.985
53.080
84.200
40.531
40.472
43.670
86.276
86.215
30.764
42.594
39.730
64.225
58.078
38.345
10.776
41.941
43.702
65.731
77.671
66.682
58.868
44.529
44.400
43.893
39.400
49.721
62.473
60.197
39.340
82.696
45.363
45.281
57.904
29.477
34.079
41.362
66.533
55.235
61.167
64.369
59.785
40.860
41.683
44.043
74.500
87.321
80.342
49.552
48.095
30.837
58.134
57.647
51.768
38.377
48.733
80.519
88.950
69.639
68.391
77.665
77.654
83.713
68.276
58.868
13.013
62.424
48.574
44.071
43.872
80.018
79.421
49.609
23.598
60.106
45.307
57.911
41.697
75.754
62.094
43.172
41.362
66.533
38.985
62.693
56.790
20.626
59.824
52.342
41.432
41.731
43.798
88.792
6.085
44.662
39.542
49.438
39.870
48.095
56.937
79.659
31.971
72.488
51.523
36.166
38.410
44.898
77.074
88.933
82.708
79.001
53.395
64.863
65.917
42.014
41.705
80.997
24.015
71.336
54.516
52.137
42.917
43.798
82.847
79.973
79.449
79.384
51.000
60.064
55.967
56.087
41.724
75.749
59.316
61.984
41.362
35.686
76.993
82.796
58.365
52.633
41.721
46.664
24.680
32.972
39.473
61.297
27.743
37.457
46.698
83.659
31.852
41.744
36.166
38.410
44.898
77.104
88.934
88.944
40.703
29.698
53.488
38.396
41.705
8.348
46.335
71.135
71.490
43.331
42.908
30.913
83.168
83.139
50.779
50.779
55.049
47.450
52.524
56.029
39.311
78.948
75.633
88.818
61.984
81.723
81.735
35.718
20.806
76.993
82.796
79.275
79.172
64.045
64.040
75.481
44.324
41.259
32.972
44.032
39.473
61.245
34.648
42.254
31.852
68.706
53.487
53.488
20.185
32.824
53.190
43.670
59.687
46.403
83.968
71.135
71.274
43.344
50.779
55.048
41.774
33.817
80.905
45.235
39.311
41.112
29.675
81.898
20.734
43.095
37.541
61.631
61.712
61.688
64.019
64.009
40.739
75.489
75.457
44.291
43.304
43.275
32.972
61.245
56.879
34.648
40.770
40.825
10.291
64.258
40.165
53.487
53.487
50.598
54.596
53.190
65.797
59.486
45.749
43.584
71.798
66.578
83.470
62.301
45.291
68.440
40.982
79.694
62.561
81.896
50.870
43.095
47.360
61.635
62.122
82.228
9.926
40.739
58.065
44.351
85.813
43.203
19.212
35.225
35.354
40.879
40.770
17.106
38.135
40.165
53.487
50.609
62.131
41.002
69.531
45.637
43.658
37.239
70.201
70.279
66.533
66.641
24.701
62.312
45.293
39.974
41.242
62.561
27.045
51.490
37.557
52.678
62.187
74.049
35.536
78.042
17.479
58.420
85.813
85.763
33.705
64.724
34.643
34.377
27.923
40.879
54.729
38.054
40.309
62.235
62.259
38.277
71.505
45.637
43.665
43.671
70.297
70.256
62.199
71.380
52.718
62.851
27.369
78.567
51.490
52.906
52.827
28.329
64.060
58.214
78.072
78.048
79.098
5.205
85.836
85.826
85.664
76.541
33.705
40.743
34.643
34.377
63.369
25.645
40.939
38.059
56.511
56.490
86.894
86.920
38.140
38.277
44.919
71.571
50.981
43.699
65.058
64.987
53.357
29.377
35.709
51.286
51.135
44.455
52.847
48.174
37.339
78.009
77.994
76.628
33.705
64.724
35.643
63.343
63.178
50.168
40.800
32.672
56.507
56.502
86.965
86.999
38.265
44.882
83.352
49.906
51.032
74.894
74.906
74.939
65.056
65.121
55.166
42.689
16.082
51.229
51.135
42.047
44.775
88.985
89.086
52.609
52.573
28.965
27.833
5.719
82.190
69.209
76.494
72.422
35.655
52.509
42.951
43.269
37.219
37.396
37.860
29.317
57.645
58.681
58.751
50.032
50.708
74.901
33.457
60.584
67.324
67.245
81.918
82.066
81.884
43.401
49.998
56.217
55.439
42.689
44.983
67.839
57.939
42.566
41.940
89.083
89.063
52.629
69.962
7.476
41.561
82.173
67.525
57.939
69.212
35.650
52.509
35.466
43.208
33.951
37.225
37.396
59.323
37.810
37.790
64.765
68.425
58.784
49.947
33.526
60.693
48.509
54.105
54.132
55.439
42.689
76.396
1.566
67.739
67.778
57.973
43.106
41.978
51.356
51.314
70.303
70.112
70.972
41.631
82.160
67.523
67.532
55.483
34.004
80.969
81.306
35.576
52.785
42.155
22.579
42.875
24.903
38.545
47.961
33.951
37.225
32.464
59.219
59.323
37.781
28.265
41.094
75.277
61.334
42.044
33.542
61.336
50.392
50.459
51.759
54.074
54.180
76.459
72.142
76.535
42.961
51.321
51.337
44.003
62.781
45.470
41.665
55.523
30.062
34.915
80.973
80.996
54.421
61.826
55.471
48.001
40.816
32.464
59.195
59.271
40.557
89.775
79.358
40.132
57.835
42.044
62.405
50.407
50.371
47.618
47.749
87.843
87.961
87.996
76.476
76.546
76.544
76.904
76.883
51.333
44.003
43.281
24.404
82.256
41.783
45.546
45.467
20.042
55.576
30.062
71.012
70.934
71.015
57.160
57.184
41.775
65.636
65.562
48.065
40.801
39.993
83.157
3.596
49.254
89.635
79.296
79.279
40.132
57.835
46.377
62.432
77.718
47.618
47.749
87.869
88.019
87.848
88.014
78.392
74.125
49.395
76.905
1.215
29.257
45.648
30.832
88.901
44.020
43.318
43.280
18.208
45.392
45.503
24.834
18.383
89.266
70.843
71.004
55.694
57.204
41.727
53.478
64.699
73.133
73.064
40.905
39.993
58.329
83.409
6.189
81.457
40.045
79.247
37.817
32.625
40.334
60.478
59.750
59.743
62.524
62.505
87.933
87.885
88.097
78.204
79.065
46.289
41.512
54.591
14.524
71.400
71.355
46.471
30.765
88.966
88.723
43.322
75.414
85.334
8.396
89.284
71.048
64.114
41.868
46.501
53.654
64.653
31.566
73.067
40.837
39.993
58.837
29.178
63.622
63.718
44.131
37.817
49.711
35.707
68.625
80.233
59.687
59.756
77.024
77.045
43.739
77.474
79.107
42.133
41.512
67.798
54.599
41.516
41.435
79.729
71.355
44.557
30.903
88.844
80.528
64.500
40.464
65.663
60.715
24.834
89.249
59.489
59.392
70.028
70.169
64.723
68.428
31.566
58.395
29.178
38.747
44.131
32.606
60.358
64.619
59.702
48.112
76.975
23.857
41.512
67.885
67.701
54.506
54.599
56.451
79.756
64.586
48.867
49.258
66.466
59.994
40.343
20.663
73.140
59.412
84.967
73.025
73.087
58.395
29.178
66.504
38.747
44.131
38.612
32.652
60.338
81.607
55.249
56.360
67.829
37.020
60.179
79.535
87.218
64.499
47.238
47.257
51.309
51.280
41.268
60.882
66.497
69.538
69.754
59.349
67.590
43.631
7.195
73.160
52.496
44.783
66.694
38.754
38.764
38.647
72.148
59.063
39.502
7.558
55.246
37.020
60.177
79.535
52.163
47.245
87.951
87.861
41.268
49.939
69.532
6.998
38.972
73.010
70.147
70.075
59.759
82.149
82.236
44.727
45.035
60.515
42.545
57.489
57.518
37.020
54.865
54.816
43.110
52.087
88.003
87.906
55.533
51.571
70.143
70.135
52.501
43.791
40.925
82.190
82.370
44.756
40.871
84.983
84.935
57.613
57.353
9.283
38.745
43.149
87.895
40.191
51.605
52.526
44.242
40.853
82.261
82.242
49.602
49.875
73.518
40.995
85.092
84.934
57.426
57.401
43.604
56.831
74.091
85.126
85.065
52.675
40.191
10.403
44.283
32.078
40.342
49.485
83.149
43.729
54.673
74.127
85.263
85.125
52.671
51.005
10.403
31.955
40.342
49.777
61.764
44.781
83.237
83.337
83.153
54.659
74.119
85.139
85.136
52.671
51.005
55.491
58.016
30.951
61.481
31.955
23.249
49.501
61.828
83.341
54.462
54.627
48.803
88.837
36.811
58.065
58.069
30.951
53.494
64.326
58.183
21.327
35.692
54.576
47.509
48.793
72.937
78.688
67.204
67.236
36.847
57.465
44.756
64.303
64.201
58.183
18.923
35.708
47.509
79.820
57.425
87.295
67.108
37.096
57.397
55.845
44.727
44.584
64.320
58.786
35.774
47.346
34.013
63.553
74.832
36.927
57.584
54.018
59.330
44.599
85.441
85.517
34.007
34.488
35.686
46.241
57.192
88.138
74.672
37.062
59.304
59.373
85.524
34.007
46.241
88.326
88.071
74.630
25.146
59.305
43.569
46.241
42.072
88.105
87.951
32.793
54.710
43.544
41.176
62.064
76.590
58.994
86.839
35.398
41.187
80.667
86.841
86.733
35.395
41.423
37.182
86.827
76.196
41.936
37.182
69.498
69.437
41.941
52.890
69.455
69.232
42.070
52.966
55.912
55.720
58.035
58.100
57.909
36.599
57.949
54.078
30.882
36.599
57.924
30.998
55.434
52.655
30.819
59.069
82.958
83.019
52.653
52.627
59.057
65.821
35.994
40.225
82.958
83.007
52.613
52.606
78.087
38.127
40.333
83.008
44.072
58.153
37.201
40.260
89.546
44.460
58.182
37.001
44.060
37.156
68.587
29.941
38.147
64.274
68.644
68.468
66.445
64.130
38.108
34.464
36.649
41.509
46.111
66.460
66.407
36.616
41.575
46.095
87.148
87.162
66.432
66.393
39.824
88.453
88.663
26.296
74.179
74.172
41.583
87.093
87.176
81.024
81.089
39.799
88.358
88.645
24.188
74.275
74.146
8.987
57.042
87.244
87.117
81.097
81.172
50.858
50.844
86.067
86.112
74.207
74.217
66.150
69.067
60.596
54.396
5.900
81.236
50.728
86.125
86.086
60.424
60.563
39.780
39.979
54.341
4.496
76.152
52.787
41.809
43.934
53.289
86.072
49.038
68.298
54.091
60.575
39.937
54.467
52.112
76.162
75.945
52.690
8.208
48.099
33.887
43.934
54.108
54.091
73.446
37.023
37.004
39.906
52.168
76.147
76.148
59.340
38.355
59.025
44.150
43.948
54.112
58.069
52.223
76.147
59.480
59.373
61.538
61.538
59.020
41.622
85.182
85.259
72.156
72.151
66.578
53.006
10.238
37.556
7.582
41.545
85.317
44.393
54.683
72.520
71.998
37.470
60.022
37.568
57.811
57.661
59.748
81.911
53.173
85.235
44.449
54.696
54.730
53.530
72.010
70.971
60.264
60.323
37.568
57.811
56.718
45.367
81.753
81.906
41.467
39.087
44.437
57.758
36.483
56.064
56.319
60.356
60.057
7.738
57.698
79.105
81.706
81.769
68.267
68.432
31.836
41.451
57.659
57.818
36.519
9.932
56.120
56.177
46.954
73.639
73.539
49.350
7.738
58.006
51.413
63.199
60.150
84.547
40.751
31.870
86.271
71.440
41.451
57.787
58.651
10.370
8.172
30.830
41.759
41.779
51.926
73.558
73.981
85.045
84.985
63.656
31.940
71.456
71.456
83.252
83.324
41.489
58.609
58.686
43.946
56.164
10.370
8.172
41.759
42.654
51.788
54.624
79.624
85.057
84.985
60.072
40.751
41.062
42.624
83.383
83.351
41.266
55.287
58.682
58.674
44.069
43.946
56.122
75.278
56.581
56.496
30.856
42.413
34.001
76.836
87.444
61.869
87.490
51.811
57.544
43.236
41.632
22.623
41.062
41.278
41.179
33.192
44.150
75.282
75.404
17.389
77.532
28.210
33.992
76.630
76.868
87.531
87.481
87.386
28.373
83.294
59.883
51.696
71.253
71.109
62.192
64.060
75.819
24.044
88.263
57.218
64.617
50.278
33.192
53.802
41.722
52.737
23.287
77.647
77.530
42.087
47.571
74.373
74.405
27.994
34.027
45.356
45.412
76.817
52.385
52.381
87.481
68.616
43.660
82.346
82.337
61.755
61.773
59.613
38.938
71.180
71.133
76.374
62.380
52.379
52.360
88.210
88.208
40.851
57.218
64.264
33.192
53.832
41.773
60.986
77.453
77.348
77.417
42.087
53.834
56.083
53.155
74.327
74.238
49.748
45.412
76.866
52.392
52.417
68.813
68.620
46.704
43.323
62.848
82.210
82.398
61.547
61.659
59.542
57.564
38.938
40.744
71.101
62.380
52.353
88.309
88.186
53.111
64.603
64.581
41.747
42.307
68.333
51.279
59.380
53.201
74.284
30.391
43.498
59.974
38.951
48.693
48.867
68.641
46.725
43.323
10.876
29.314
61.725
61.790
57.539
57.530
38.201
79.283
79.275
31.513
52.353
34.416
29.552
85.742
59.413
68.628
70.023
48.163
26.825
84.620
38.951
48.693
46.744
43.323
29.314
57.540
57.427
37.429
79.370
79.382
56.054
52.268
34.463
31.513
29.590
36.403
55.768
40.546
62.537
42.058
48.169
85.530
50.470
25.827
35.782
38.951
48.741
48.758
29.577
52.912
81.603
52.268
34.408
31.513
36.611
24.794
36.485
85.356
48.595
40.567
42.058
85.452
85.398
42.370
66.928
53.527
35.785
43.513
37.071
37.956
50.771
50.775
48.518
47.141
42.700
62.293
62.298
36.485
85.333
48.342
48.583
45.275
5.368
65.522
41.994
85.452
53.528
67.516
53.519
75.997
35.884
43.513
33.908
40.919
32.605
37.071
51.745
50.723
40.658
22.298
42.187
42.143
36.698
47.757
40.729
55.374
55.386
57.843
41.955
44.317
21.910
45.275
47.278
87.415
87.477
65.522
41.994
77.229
53.614
72.622
61.647
7.281
80.570
61.057
40.623
41.180
85.895
39.744
50.724
22.261
42.179
42.143
36.737
47.741
40.729
55.376
85.257
41.942
41.955
44.317
21.910
76.442
87.342
87.494
58.558
83.287
80.236
77.573
77.489
74.173
53.521
72.583
72.460
61.570
61.685
80.628
60.880
86.218
86.144
57.475
85.869
34.246
40.673
22.026
65.287
22.261
42.108
36.668
40.406
83.355
83.375
62.454
55.376
41.927
67.719
21.910
76.476
87.540
87.544
58.756
72.085
72.229
56.555
77.619
70.677
72.570
63.566
36.303
80.628
86.376
85.859
83.881
56.965
74.654
74.656
65.297
62.215
70.176
70.270
36.668
50.700
71.460
42.251
75.253
62.398
56.011
21.910
76.487
17.253
58.776
3.644
69.390
47.356
56.555
49.929
48.552
44.591
59.391
63.566
36.227
41.566
45.079
57.661
61.219
76.657
66.471
58.522
74.688
74.659
65.646
62.313
61.202
50.997
54.662
78.848
46.038
42.251
6.024
2.313
8.352
23.676
58.776
71.882
49.146
62.950
51.738
88.263
38.626
70.439
40.778
44.577
46.825
20.164
36.227
56.698
54.811
41.566
44.212
74.967
49.370
49.370
80.186
80.186
51.242
65.442
71.097
65.646
50.921
38.807
77.583
73.731
40.809
82.734
33.750
46.770
42.238
38.541
62.755
3.589
31.998
23.676
62.688
47.348
86.123
77.485
27.585
70.282
69.551
68.481
43.895
86.266
83.956
46.825
40.468
24.617
71.365
56.766
41.566
48.631
48.578
53.896
49.370
49.370
80.186
37.586
53.089
67.395
67.417
49.295
49.271
37.932
50.994
38.850
73.718
73.712
29.069
56.270
10.958
52.035
42.093
62.887
31.967
23.676
62.785
43.363
37.076
27.585
73.069
68.361
20.590
81.915
83.956
46.825
82.813
64.172
24.617
56.819
89.764
89.775
27.666
40.458
60.077
48.582
54.158
75.826
60.691
37.586
39.487
88.544
26.574
37.560
50.281
49.280
48.551
28.148
38.831
78.363
39.933
57.985
86.152
8.268
42.013
55.262
68.398
85.630
15.142
58.025
88.804
68.361
83.956
87.908
64.045
62.343
27.780
89.763
89.793
79.028
40.452
62.237
55.323
39.487
82.895
82.867
73.393
58.510
35.526
66.678
28.184
39.933
60.186
72.416
28.585
65.592
82.987
42.095
56.281
55.436
36.189
62.515
85.563
15.140
89.724
66.236
6.006
19.552
87.908
69.647
75.089
75.037
89.763
39.005
40.416
56.373
68.724
54.412
46.446
58.490
58.558
35.505
66.727
52.261
28.137
82.162
82.269
82.241
85.088
85.088
61.081
52.269
86.808
39.103
55.459
51.165
64.952
49.152
24.066
42.369
42.899
15.140
70.857
6.006
67.416
87.908
48.716
75.056
36.822
51.787
49.583
40.416
64.119
67.604
85.902
37.925
48.248
40.820
58.510
56.966
58.699
42.329
58.111
21.350
82.241
35.079
84.995
85.031
48.781
53.102
86.695
86.710
41.563
39.046
39.135
30.406
44.606
70.944
49.152
24.209
42.416
42.505
42.899
43.077
39.231
44.024
48.714
41.337
50.966
38.657
49.583
42.484
85.810
48.248
22.918
62.742
56.970
60.619
73.384
41.541
58.111
35.613
73.117
73.156
41.563
33.963
49.784
30.651
32.764
60.415
32.718
42.528
41.773
56.113
86.029
48.602
39.267
38.081
38.182
31.150
49.929
41.337
46.200
46.711
53.302
40.215
79.008
48.248
73.954
28.632
71.421
32.159
49.475
49.500
32.806
41.541
73.152
12.063
34.154
34.005
36.252
49.612
86.250
49.775
30.641
52.180
32.734
32.764
70.188
64.944
37.669
42.528
41.773
18.234
86.020
86.167
48.352
84.232
38.382
75.928
26.561
49.929
41.491
46.244
46.711
53.302
28.632
33.452
79.633
32.132
49.410
49.500
35.666
70.842
44.949
62.039
38.346
64.731
73.383
53.275
33.523
69.744
64.944
37.659
37.634
41.720
73.930
55.345
86.054
48.395
55.029
62.718
75.916
75.909
1.064
41.491
53.340
80.443
44.239
44.282
57.950
33.452
32.163
42.499
49.457
82.784
82.784
35.666
58.202
44.931
62.121
62.090
43.856
7.620
49.891
33.928
41.292
72.827
41.196
48.697
33.523
37.659
86.028
67.125
61.984
72.031
72.894
71.402
71.398
46.305
52.829
44.201
44.217
89.091
62.397
37.344
42.499
82.784
30.625
85.998
49.981
62.094
48.581
34.418
84.385
7.620
49.900
40.198
52.016
28.322
50.460
67.182
87.334
60.260
39.949
71.429
71.428
71.408
73.055
51.381
52.829
89.091
38.332
62.416
37.344
34.552
42.499
41.790
41.022
61.326
30.611
48.403
33.725
49.755
56.261
45.668
57.576
40.198
35.424
79.329
69.138
39.132
66.335
67.070
67.176
60.134
53.200
69.641
42.830
73.072
73.055
37.513
63.889
37.234
38.332
58.452
79.312
75.050
34.552
40.443
41.020
38.747
61.336
61.248
38.452
42.060
48.403
39.680
46.782
36.730
54.790
49.931
45.060
54.851
29.936
84.062
34.101
79.263
69.141
62.631
39.132
67.076
67.147
53.200
41.661
89.766
42.849
37.119
38.335
63.889
37.274
37.310
63.678
75.062
72.505
61.846
34.552
55.593
35.799
40.543
38.747
61.338
40.978
53.371
53.428
83.580
39.680
40.419
20.043
36.772
36.707
50.050
50.074
45.060
54.497
29.936
88.768
10.952
34.143
88.534
61.638
68.794
68.780
64.854
34.712
72.150
83.249
53.335
66.739
46.492
89.687
89.687
81.963
81.975
50.866
55.952
37.274
63.807
63.678
66.276
66.276
65.910
68.025
56.852
49.275
65.807
65.665
67.577
63.202
53.669
41.957
72.302
62.241
16.400
83.620
39.648
39.617
40.428
20.134
36.826
40.443
79.951
80.745
88.719
88.371
59.396
19.578
50.023
40.851
67.869
79.772
43.603
40.027
59.500
82.204
57.107
81.880
38.821
76.761
76.940
76.989
88.180
63.620
81.001
80.901
49.529
39.881
86.861
44.530
56.852
49.299
65.585
65.569
67.433
28.423
23.575
62.209
62.161
16.400
79.089
33.705
33.199
41.390
40.511
7.108
75.501
41.280
61.565
61.667
38.776
49.994
49.563
89.237
86.786
65.709
81.115
81.990
82.185
42.558
85.032
38.821
76.988
76.884
47.834
54.127
48.326
61.514
77.324
77.324
74.020
40.609
40.538
86.861
57.039
86.861
63.842
57.320
28.423
12.932
63.342
15.336
76.775
79.204
33.898
82.194
82.192
41.390
89.332
38.106
6.608
54.960
39.236
41.280
61.569
61.684
18.945
76.631
76.631
62.437
72.310
75.622
11.930
89.181
82.066
45.777
60.496
48.776
8.206
45.772
50.649
41.558
35.694
77.296
77.342
74.241
74.241
40.407
25.455
8.889
89.963
81.602
56.588
56.400
24.682
61.971
84.160
88.593
14.191
41.129
82.208
82.195
54.741
54.741
6.608
51.117
39.591
33.309
41.019
61.646
15.552
75.377
52.022
51.621
72.310
11.536
13.441
11.930
45.777
45.777
55.864
48.741
19.935
8.206
45.772
81.230
41.558
35.694
83.700
82.861
40.407
25.455
51.411
51.411
48.275
81.597
56.385
24.682
23.730
41.671
24.704
19.323
39.298
70.277
41.117
41.093
54.762
38.214
37.780
39.278
31.079
41.019
44.780
18.945
75.430
75.333
8.507
37.726
30.449
87.441
45.777
46.488
80.372
75.000
43.074
75.325
8.206
88.634
88.622
35.698
83.352
36.885
85.477
35.174
35.218
25.983
60.701
60.685
48.275
46.488
23.702
50.384
36.178
24.704
83.470
31.633
39.298
39.280
74.966
71.309
41.041
53.356
38.862
37.780
58.786
36.768
56.855
56.855
32.780
51.947
75.333
3.163
40.372
87.281
45.988
52.114
40.328
75.325
53.216
68.319
66.864
88.564
88.563
36.994
49.219
76.147
71.505
10.509
60.686
62.491
29.671
20.701
72.808
72.728
60.760
62.381
45.264
74.202
38.910
38.811
38.811
56.166
68.448
79.941
87.320
51.535
25.793
25.793
34.292
88.564
37.122
41.505
59.309
59.282
43.746
86.510
86.510
82.294
82.294
82.253
34.853
34.982
20.701
72.902
72.691
62.281
45.122
38.910
72.492
72.502
49.652
38.811
38.811
39.678
81.543
56.141
47.145
75.231
49.439
22.823
84.391
47.281
63.468
36.992
29.677
59.268
1.741
86.510
44.399
82.253
72.741
34.863
34.843
6.454
34.392
51.627
50.736
34.157
42.432
80.767
72.477
34.648
61.868
61.845
13.109
51.550
32.553
85.144
85.208
63.468
75.362
37.329
67.171
67.979
34.843
46.647
30.937
63.623
24.574
34.392
51.374
50.746
64.198
69.739
34.291
42.432
86.008
80.739
80.761
46.306
32.568
74.278
36.636
50.227
48.505
50.557
38.025
36.204
85.683
80.439
32.553
85.315
85.243
68.484
68.492
79.573
67.874
46.553
26.935
75.392
75.388
75.820
86.808
68.011
30.937
24.574
84.669
60.881
42.467
39.764
80.733
46.306
87.152
51.487
32.545
74.169
74.156
25.836
11.900
18.235
50.255
62.131
84.660
45.746
62.631
29.316
36.204
79.344
8.120
80.145
80.250
50.341
40.913
72.755
67.934
74.301
46.553
40.281
75.392
88.769
38.665
61.546
86.949
86.815
60.682
24.558
30.767
82.299
39.801
46.306
32.643
32.618
65.684
11.900
54.776
84.690
84.645
46.899
79.339
79.344
79.344
74.694
80.145
79.861
79.861
65.521
40.887
84.789
84.803
78.044
25.296
38.665
86.847
86.801
85.799
69.540
24.558
30.798
82.423
82.262
82.343
39.815
45.705
48.191
50.423
53.482
54.776
7.222
85.380
70.195
84.671
73.322
79.339
79.328
38.038
36.311
79.804
58.434
89.391
89.367
49.600
56.074
40.935
84.139
69.634
69.634
82.709
66.653
71.838
66.871
85.518
41.467
57.064
69.562
69.606
68.321
68.282
82.443
12.343
50.017
32.696
67.729
41.176
34.705
42.182
69.695
70.190
84.421
84.421
51.922
37.947
38.038
38.038
66.816
6.279
65.359
89.485
89.345
61.070
83.008
83.936
83.938
78.682
78.679
14.314
70.294
24.195
34.069
76.568
81.639
81.635
66.123
66.895
16.900
70.102
63.686
41.555
38.447
78.289
68.275
44.936
39.977
46.214
61.591
26.941
17.564
44.515
41.142
41.178
34.701
54.489
80.316
84.452
84.452
23.978
76.056
11.438
9.185
81.508
71.348
61.111
46.518
83.957
88.161
56.027
19.731
81.067
81.067
81.067
20.783
34.021
60.919
60.888
81.635
81.635
44.897
55.195
70.102
81.201
81.261
78.182
38.447
38.447
43.956
81.259
34.438
39.977
50.252
62.473
48.230
68.405
71.169
48.850
41.142
41.135
54.265
48.423
42.158
45.665
54.083
9.185
69.761
69.769
84.158
79.414
40.714
39.415
37.817
86.122
62.748
81.067
14.598
14.505
83.542
81.819
81.819
45.644
81.174
81.570
85.481
43.956
81.273
81.037
81.192
32.518
55.610
64.840
34.457
50.229
51.561
52.991
75.565
65.941
48.825
48.886
40.494
40.327
54.265
48.470
46.708
43.440
58.864
83.419
40.339
49.047
37.696
37.736
82.232
88.294
79.414
39.414
36.232
62.734
79.194
79.075
21.150
47.917
9.067
81.819
80.396
58.942
47.324
38.038
55.180
81.179
56.550
74.589
74.589
44.093
83.436
79.120
81.233
81.094
81.095
32.518
81.430
55.659
88.711
30.121
34.538
48.870
40.478
40.327
20.686
48.379
44.552
81.346
81.306
41.423
43.576
30.251
40.321
31.829
74.192
27.861
70.951
37.141
21.150
61.932
42.278
30.512
56.547
63.667
74.589
70.538
35.839
79.120
36.314
81.384
27.010
42.585
42.646
30.606
88.773
88.798
87.858
20.686
49.964
46.705
53.310
35.410
75.717
41.100
39.290
65.704
40.342
17.958
31.829
57.108
57.121
30.082
28.062
37.141
54.689
65.679
57.162
42.318
65.970
65.970
30.066
81.934
66.019
59.170
69.614
35.940
36.314
46.292
37.392
31.305
3.532
42.585
42.597
72.184
38.962
50.247
87.880
87.865
20.632
69.208
78.639
85.932
41.109
39.248
40.315
31.829
57.099
57.185
30.082
28.035
62.806
43.997
19.681
75.177
18.183
40.117
80.567
87.866
69.705
57.162
65.728
65.786
59.713
65.047
65.150
30.130
39.912
36.314
19.034
45.996
45.274
31.305
3.532
83.300
89.853
38.962
38.962
87.790
20.632
52.904
46.456
45.828
54.939
46.680
41.344
86.011
61.812
68.441
57.098
16.871
56.054
30.082
59.476
52.494
67.703
18.183
83.148
34.216
57.162
27.325
34.060
25.882
77.442
65.933
65.781
59.762
65.054
65.150
64.991
34.616
36.873
33.534
53.418
19.034
45.996
40.121
29.436
63.976
41.405
44.968
37.731
60.758
47.783
82.814
82.814
53.601
46.988
47.014
83.311
83.311
55.478
68.400
32.769
31.608
51.558
52.534
63.480
34.216
60.764
60.708
4.964
76.195
41.580
34.053
34.064
77.349
77.442
55.221
65.104
50.323
36.889
80.749
75.296
75.319
31.616
63.591
63.956
41.463
48.641
61.156
82.814
34.014
59.942
28.327
88.881
55.478
68.400
72.048
31.608
52.515
68.079
33.869
34.264
60.764
60.736
86.866
34.084
34.081
77.389
55.170
52.217
36.944
80.749
30.234
75.459
75.319
52.294
31.616
4.901
39.147
63.920
63.967
41.463
82.814
40.597
59.942
83.540
49.065
44.420
60.149
36.603
58.601
72.048
68.453
73.065
73.813
43.027
41.556
11.079
81.654
58.570
34.702
55.248
17.435
62.719
55.056
55.187
36.911
57.549
61.129
58.459
41.089
4.901
39.203
72.767
68.421
21.688
48.872
64.705
25.475
41.881
41.913
85.346
40.599
40.577
83.540
40.749
40.739
13.842
70.359
40.278
58.601
28.895
72.048
56.289
84.742
53.846
66.281
66.259
78.439
48.093
41.035
32.978
17.435
60.167
37.177
57.640
41.023
26.624
39.169
36.735
21.688
55.535
56.635
88.332
56.492
41.976
42.420
40.557
48.678
49.026
41.444
66.603
14.635
70.359
40.325
40.278
42.906
42.844
49.940
28.895
77.706
56.224
44.021
83.417
31.820
34.950
69.956
39.460
47.732
49.603
47.118
88.155
20.531
74.744
74.772
31.346
51.513
26.624
58.879
68.452
38.548
21.612
48.451
8.504
55.472
63.765
86.401
36.064
56.476
43.009
42.420
52.598
47.515
38.263
66.562
16.223
40.299
40.348
42.950
42.919
77.355
82.118
55.282
53.029
31.820
59.494
43.471
48.139
64.775
81.348
48.138
66.543
64.861
48.630
86.067
51.663
77.059
77.058
58.754
42.746
38.519
42.575
52.547
48.895
62.240
65.970
86.401
76.835
83.837
35.435
37.422
43.212
42.420
52.382
29.179
87.850
47.515
37.233
42.022
64.285
46.790
46.911
88.390
82.118
50.930
83.868
51.618
45.466
64.855
32.403
50.460
52.680
60.123
81.432
77.008
61.860
56.625
60.566
64.750
35.763
43.525
34.015
31.353
88.851
51.630
77.030
77.180
40.653
63.973
53.653
64.546
87.557
55.853
42.746
52.547
35.841
37.990
66.579
66.436
63.646
63.598
37.449
43.052
42.420
52.489
37.424
36.222
37.734
46.911
67.289
87.488
88.390
74.918
10.278
86.222
86.257
42.837
71.819
71.954
50.458
50.426
17.765
65.301
81.385
81.374
86.565
58.915
62.839
69.892
12.837
43.516
34.097
51.621
44.300
76.930
77.027
63.228
58.136
53.674
87.512
38.293
78.013
35.892
37.937
21.661
66.521
63.651
47.363
44.995
58.464
47.083
61.467
42.043
44.115
46.378
33.337
68.234
87.479
74.918
86.237
86.257
84.156
83.830
71.819
59.675
63.470
10.309
19.952
65.301
81.375
81.145
69.838
35.763
51.884
63.296
63.530
40.699
58.115
79.306
38.335
9.698
35.952
37.973
49.475
58.756
87.302
87.294
58.446
60.917
30.172
36.810
11.080
50.296
62.561
33.102
50.526
87.380
20.480
75.570
46.759
83.724
83.682
49.712
54.840
52.760
63.555
86.510
77.972
77.957
3.708
51.851
31.426
63.547
37.085
69.947
26.476
69.951
38.363
38.191
60.811
60.791
28.880
26.156
58.426
78.589
78.685
78.517
60.921
81.727
81.727
36.810
43.414
41.712
59.571
86.522
74.368
63.262
59.463
75.402
13.447
45.093
41.582
14.064
82.316
52.760
65.570
86.514
50.680
7.434
69.104
43.864
52.499
33.558
22.681
42.452
58.093
69.943
73.906
61.084
33.632
43.982
37.855
60.706
28.880
31.286
37.738
76.905
76.886
78.537
78.679
78.670
63.038
37.221
87.686
53.059
81.985
41.712
35.262
20.849
55.358
41.572
13.608
63.219
75.402
62.209
42.472
5.330
65.512
57.340
50.680
78.622
72.594
72.561
85.889
83.050
52.499
52.525
33.753
68.651
68.651
51.191
22.834
76.577
36.908
60.802
60.884
33.492
56.869
33.560
42.521
37.844
78.164
56.179
46.813
76.966
3.550
78.691
62.513
62.632
51.047
37.221
17.530
41.475
41.776
53.040
41.683
23.016
55.342
55.358
39.035
40.252
78.297
75.402
16.081
45.580
42.288
72.600
78.651
48.210
27.761
52.525
68.651
68.651
70.418
51.104
22.834
47.411
47.362
60.725
33.460
62.182
62.099
33.602
87.715
84.208
28.427
89.304
89.296
32.553
57.056
77.047
3.550
62.526
62.536
37.221
42.339
41.796
23.016
55.342
67.035
40.225
77.234
56.850
56.955
45.580
72.688
41.239
43.788
41.338
58.396
48.243
27.761
52.477
60.910
66.088
37.294
51.076
70.611
47.439
47.321
53.182
33.534
62.291
62.034
75.730
60.323
42.352
35.404
89.325
28.576
55.018
89.128
89.401
56.685
4.917
77.029
42.354
41.497
75.701
34.097
40.260
50.095
31.307
40.304
62.852
57.007
77.830
88.514
88.584
41.044
37.768
70.894
76.027
35.063
42.430
58.210
58.396
48.281
27.761
52.477
53.689
61.164
38.530
37.302
51.284
70.770
70.562
62.894
60.269
60.176
34.544
50.590
28.572
55.018
65.104
27.169
33.553
59.798
80.659
81.447
81.514
85.271
84.022
86.917
51.617
69.243
34.097
68.883
87.782
87.726
63.725
64.970
67.958
39.543
11.967
88.652
80.801
65.305
70.894
76.010
42.463
42.430
40.707
53.048
53.679
38.479
63.966
27.135
37.300
70.675
70.617
26.116
46.039
41.373
36.756
34.544
50.590
50.221
54.940
65.180
65.144
59.694
59.840
41.200
41.200
54.194
81.392
81.593
83.560
83.560
86.897
47.679
89.873
32.847
34.366
24.385
50.086
50.092
58.940
67.958
76.323
43.820
69.129
36.443
65.286
65.303
13.355
42.466
42.540
36.727
44.623
53.050
41.740
27.135
73.078
54.239
3.940
41.154
36.811
59.244
55.867
30.977
82.324
62.208
61.216
61.140
61.154
4.712
33.322
27.169
19.338
41.200
32.118
67.542
81.560
40.280
81.705
32.847
89.877
37.905
39.847
34.354
40.998
58.998
59.256
89.767
32.385
36.039
77.382
36.467
36.443
65.241
65.295
40.713
78.306
78.339
42.489
52.987
18.899
55.086
75.148
40.061
55.397
33.289
59.035
58.832
31.237
30.964
61.774
62.111
62.164
52.085
47.481
87.185
61.219
61.184
80.978
62.935
27.701
32.118
76.014
67.698
40.280
41.743
37.404
78.454
89.942
37.835
64.422
48.843
34.354
42.189
63.905
40.998
76.843
76.058
88.603
84.583
25.825
32.393
32.406
73.535
67.799
52.411
36.467
51.762
27.965
52.983
74.937
41.746
52.085
53.488
84.761
55.015
39.609
41.623
33.313
58.885
77.491
77.491
31.237
61.957
52.084
39.856
53.847
30.789
87.641
61.219
69.609
81.315
81.037
62.918
62.905
27.701
75.966
76.027
78.499
37.227
37.835
48.646
48.618
71.566
48.851
84.711
54.349
40.926
76.929
84.583
84.583
49.329
32.408
32.406
52.411
42.390
74.402
54.660
76.121
20.919
47.921
31.755
74.828
83.206
52.184
79.756
84.761
61.515
60.729
40.061
53.246
51.155
55.216
33.266
70.285
31.300
52.018
89.392
83.118
41.205
88.065
40.517
80.848
80.887
57.921
76.027
76.027
75.897
41.874
78.990
37.835
48.615
54.289
48.813
39.911
57.254
84.711
37.758
54.429
14.752
73.217
73.150
56.636
53.275
27.882
63.289
55.277
37.440
76.147
50.412
50.384
35.909
36.727
70.046
89.381
47.806
5.388
31.739
88.882
75.442
84.240
88.529
68.750
78.437
61.443
46.608
66.285
79.583
79.585
42.610
51.285
72.293
55.846
70.285
31.069
85.424
83.118
60.853
89.151
28.089
37.517
29.014
37.124
49.538
53.463
25.916
40.102
40.090
62.827
28.059
27.090
41.103
14.752
15.971
66.076
24.928
56.647
56.589
48.010
86.588
52.838
54.826
76.014
50.693
35.990
35.984
83.318
83.286
5.531
43.856
43.837
41.798
59.960
82.576
65.473
49.803
46.608
39.690
33.888
42.610
43.097
40.840
51.293
45.222
57.142
25.648
34.309
48.901
41.342
60.354
80.363
83.169
61.586
36.650
9.305
37.517
51.048
51.090
70.593
26.528
26.506
25.916
47.682
55.635
39.780
86.632
62.829
14.133
66.759
27.090
14.752
80.099
53.070
25.124
43.786
43.786
76.030
79.776
60.814
35.998
52.541
44.003
39.286
65.519
55.883
27.024
42.580
42.589
49.794
36.405
57.070
25.648
48.870
65.063
38.270
42.774
36.582
53.422
34.047
51.121
70.459
70.431
26.528
25.916
43.259
74.547
74.486
82.311
67.437
42.751
62.865
40.658
72.017
27.090
54.532
27.930
54.232
25.124
44.131
79.795
79.754
86.238
60.604
61.082
43.771
43.816
89.802
89.873
39.227
65.465
78.835
45.021
58.054
1.345
87.435
49.666
49.703
50.391
50.441
51.689
39.670
65.865
60.290
41.462
72.506
72.445
51.324
20.295
56.545
43.625
43.625
56.541
74.478
22.649
61.125
83.857
62.168
77.497
77.497
39.262
40.548
43.803
66.985
79.684
83.569
76.141
61.083
61.097
34.090
36.922
43.760
46.273
19.273
48.418
83.897
50.328
51.584
39.726
75.745
58.947
41.462
32.543
42.641
88.267
72.554
72.529
71.653
71.681
70.311
20.295
34.054
34.142
37.014
40.712
43.625
47.598
17.789
22.542
82.763
82.747
9.400
83.880
83.726
62.174
80.472
37.489
25.415
39.369
38.516
89.566
56.998
56.994
34.023
36.922
36.971
27.741
76.708
76.596
62.715
65.811
57.134
33.797
30.391
36.666
51.911
51.612
87.809
59.006
58.810
32.527
69.043
48.479
88.222
88.222
59.022
79.448
22.139
19.391
41.543
38.868
74.753
85.632
34.054
40.491
40.712
8.644
71.348
47.608
42.796
44.404
44.386
36.147
70.712
10.579
62.175
62.199
62.185
64.204
85.247
28.146
57.001
56.551
33.934
27.790
76.588
76.619
59.549
33.797
28.467
36.666
80.615
80.536
42.193
51.439
51.439
77.797
58.425
58.900
67.883
67.962
37.056
32.532
32.527
30.589
42.043
60.907
42.030
79.446
79.465
19.391
41.609
83.241
83.184
9.782
45.380
89.772
51.389
37.324
42.796
41.606
84.563
13.433
46.785
62.210
38.494
64.204
43.271
46.133
51.789
45.788
45.924
57.358
80.888
60.120
42.480
51.398
83.697
42.193
77.889
59.467
87.626
33.387
58.972
59.451
67.977
41.789
82.075
46.319
45.504
54.415
41.609
52.375
83.146
30.307
80.338
30.533
43.892
79.094
86.275
51.855
18.940
24.267
33.914
13.433
65.184
85.079
54.709
51.538
54.503
45.912
48.041
39.472
58.639
42.480
42.541
34.909
44.673
78.256
20.626
45.468
77.810
59.416
59.211
87.667
33.387
58.031
71.127
51.545
82.092
82.026
49.435
49.435
31.835
44.910
82.149
44.199
43.927
44.513
88.078
72.202
44.788
22.817
76.904
28.552
57.958
88.318
85.099
54.608
43.615
32.445
48.142
48.243
78.709
58.078
60.087
39.832
42.608
74.115
59.824
44.673
30.764
34.391
43.822
20.626
81.150
84.200
42.843
55.174
59.243
37.589
41.666
58.004
57.904
51.510
60.189
22.632
81.955
82.026
71.188
31.915
82.693
82.925
44.910
72.318
43.888
51.914
39.662
75.527
44.780
28.552
88.315
88.326
19.284
43.702
41.938
83.811
38.345
52.260
51.574
41.763
58.134
39.870
64.225
64.298
42.606
41.752
41.717
86.215
30.764
52.322
43.822
56.433
81.150
40.472
43.671
66.533
55.235
41.666
51.510
43.068
60.098
61.437
45.323
79.364
31.868
82.693
82.751
82.696
72.088
72.057
39.400
75.527
18.105
18.105
85.159
28.552
88.003
77.912
8.627
17.089
19.284
43.702
41.956
38.366
52.040
51.574
40.498
41.600
72.488
31.971
64.143
56.673
47.869
64.040
49.518
49.515
41.732
6.997
10.277
65.709
44.104
18.545
40.251
41.362
41.724
75.771
75.706
43.172
33.817
34.079
53.249
55.100
41.734
56.000
80.006
23.580
41.332
43.872
43.817
49.747
65.917
18.105
18.105
40.755
40.683
77.600
17.089
19.284
80.519
88.950
41.936
38.410
51.566
41.713
46.511
31.971
37.289
48.095
63.844
49.539
49.419
9.931
44.707
44.832
43.798
45.036
20.766
81.723
20.347
35.607
75.662
75.646
53.249
41.774
56.009
56.076
79.979
23.580
82.847
43.853
43.817
54.516
54.516
47.362
53.488
53.488
52.780
80.832
80.900
40.703
88.891
89.059
88.920
51.566
46.014
31.852
43.275
83.599
27.743
49.438
39.542
61.297
85.271
44.637
37.541
41.267
52.633
45.036
27.045
20.734
81.681
20.347
35.683
88.818
41.112
61.984
65.772
65.772
41.774
55.973
56.072
23.580
82.888
83.168
44.186
43.331
71.390
71.208
32.824
53.144
15.189
61.486
47.078
79.001
88.986
68.738
7.572
51.581
40.790
19.386
43.328
83.659
37.454
44.307
44.351
35.536
72.597
61.297
43.584
46.664
40.739
75.438
27.045
81.907
40.982
79.692
79.701
29.412
39.311
45.217
65.772
56.013
66.628
83.142
83.168
37.218
43.514
71.274
71.190
73.609
84.015
83.913
40.534
8.348
46.401
49.367
17.592
38.112
17.106
40.879
25.625
34.377
19.212
43.272
43.289
78.048
34.648
3.972
43.584
44.032
52.704
58.065
30.138
40.739
43.138
75.374
75.469
51.490
61.688
61.662
41.242
79.699
85.123
29.419
26.844
45.153
45.341
82.739
32.924
66.678
62.121
70.201
37.198
43.584
59.503
63.739
37.762
83.982
40.534
40.326
46.403
88.486
88.523
41.100
38.054
38.152
54.729
40.825
40.889
34.415
85.703
85.836
35.354
3.972
53.893
57.978
58.065
15.662
40.739
51.490
61.661
62.270
39.974
29.326
45.306
82.739
62.301
62.137
37.228
37.308
43.667
62.259
45.595
40.165
88.474
88.508
41.100
41.003
38.059
38.152
56.659
40.800
40.877
35.643
34.376
62.968
58.443
33.705
35.354
13.189
53.942
2.286
15.662
52.580
89.045
62.187
54.953
65.174
62.137
43.663
78.181
45.637
86.861
84.927
56.490
56.465
41.002
42.870
22.579
52.509
35.655
35.650
60.113
34.014
63.278
63.369
58.386
58.465
33.705
76.541
34.643
37.346
41.602
52.629
52.609
89.141
44.662
44.475
42.077
55.166
58.336
71.929
65.058
81.948
67.398
43.671
44.845
44.882
86.965
56.502
71.577
71.542
38.118
37.396
32.672
43.269
42.953
57.474
52.677
35.592
34.014
32.997
63.204
63.345
58.429
58.465
39.554
76.428
34.643
41.561
41.637
61.327
61.323
69.962
27.833
4.022
20.471
44.453
44.775
42.077
42.689
51.268
55.439
62.257
16.082
81.996
10.748
68.369
67.399
74.918
74.906
51.032
65.325
71.489
71.587
38.140
37.396
32.672
56.686
42.875
42.155
52.785
35.576
34.009
32.997
33.006
63.267
39.626
76.494
69.209
41.631
41.628
68.704
70.279
34.966
82.190
82.187
9.215
20.471
41.940
42.063
44.983
76.537
51.135
51.229
67.757
67.721
16.082
27.263
56.217
64.126
60.584
74.939
74.878
50.924
50.887
39.564
49.939
68.666
49.220
83.352
38.188
59.237
37.215
37.225
32.672
33.977
24.903
42.875
54.421
33.042
33.012
81.113
39.590
39.580
55.473
18.208
6.378
43.299
82.494
82.187
32.846
44.112
51.337
20.471
41.978
42.035
74.230
42.607
67.851
67.447
54.132
59.517
60.693
33.496
33.526
74.875
60.661
50.708
39.564
49.929
76.450
49.604
47.014
59.453
59.209
60.365
30.476
66.584
65.624
24.920
21.030
71.017
71.012
80.996
80.623
35.466
30.062
55.442
55.627
18.208
21.424
43.297
82.160
82.169
41.389
44.052
44.003
30.832
30.944
42.961
76.546
42.566
65.532
67.778
67.714
46.049
53.997
54.116
47.521
47.491
50.421
59.559
61.336
33.510
33.526
56.097
64.651
39.564
86.330
49.947
76.310
71.394
2.324
59.244
32.464
40.808
65.592
47.912
21.030
61.824
71.090
35.466
89.266
88.427
30.062
55.395
55.666
18.208
80.275
43.315
41.783
45.563
41.389
44.020
30.832
30.910
54.591
14.754
42.394
54.845
50.206
50.108
87.989
87.961
54.116
87.895
47.749
47.618
50.371
50.434
41.985
45.014
64.399
50.951
61.334
79.358
79.296
49.254
75.216
75.158
2.314
63.581
83.409
83.157
40.827
73.026
48.070
41.868
61.818
21.030
66.143
45.042
35.479
89.302
85.334
40.343
41.783
45.392
51.525
41.660
30.765
88.901
79.729
45.629
46.471
71.302
54.553
54.591
14.754
1.215
34.139
38.030
50.108
78.204
88.097
73.438
79.130
77.108
47.563
47.597
77.718
62.494
62.364
60.097
46.377
40.727
78.775
78.999
39.211
37.273
49.665
40.132
64.158
63.565
83.381
38.320
38.324
40.905
73.018
64.699
53.478
70.169
21.030
63.502
56.554
45.042
35.447
48.859
83.194
24.834
41.783
41.783
51.293
49.258
41.660
88.920
88.918
45.623
44.557
71.410
42.817
45.208
14.524
29.257
77.474
43.739
72.191
77.024
17.359
62.505
62.419
59.706
63.521
63.009
40.727
79.009
78.973
37.817
37.320
49.653
9.048
63.597
58.342
83.381
38.320
38.317
31.566
64.928
64.664
53.654
46.501
71.428
57.205
57.161
41.109
53.649
24.834
65.663
51.298
26.682
88.844
88.850
45.639
45.642
71.355
33.640
60.179
41.435
41.516
67.246
41.512
49.503
79.077
43.641
78.930
21.581
48.141
59.804
59.656
67.947
68.625
60.478
37.320
44.131
40.334
58.397
29.178
50.637
31.566
75.103
26.658
73.087
67.663
87.424
59.489
60.722
59.059
51.315
66.466
60.914
52.209
52.146
64.499
60.203
60.435
54.891
67.225
67.765
58.551
21.581
59.702
37.582
60.338
37.883
38.580
44.131
38.735
66.472
66.415
58.369
52.560
73.129
73.043
87.424
59.412
46.092
72.887
87.923
51.315
66.459
66.408
60.816
52.101
64.499
60.578
60.477
54.891
67.269
61.369
56.451
55.091
55.263
21.581
7.558
60.512
60.488
72.148
40.282
38.647
38.764
76.843
66.570
44.783
82.237
65.978
52.525
52.565
40.877
73.075
73.010
85.089
83.734
38.089
60.107
64.526
8.704
54.816
57.518
57.489
60.515
38.724
55.418
59.434
44.783
82.262
82.176
40.879
52.501
46.541
51.605
51.009
30.350
52.675
8.846
74.087
43.110
54.826
57.559
56.978
84.943
84.983
40.871
39.502
59.301
44.756
82.461
82.252
40.967
43.791
50.996
51.005
30.332
62.526
52.671
8.725
74.091
74.121
43.064
56.831
43.604
43.617
57.353
57.426
84.934
85.067
40.938
42.545
46.688
49.918
82.242
82.261
40.886
43.952
78.406
61.772
85.061
85.088
74.101
43.083
43.702
43.650
9.866
84.951
84.974
78.105
49.557
49.602
10.646
44.283
57.608
48.074
85.103
85.200
85.478
36.811
43.729
9.866
83.183
83.182
61.757
49.485
49.575
24.381
57.991
41.037
85.064
57.465
41.575
48.794
48.803
54.659
9.866
83.198
83.341
49.501
49.559
32.047
58.094
55.744
55.810
57.575
57.392
37.000
67.236
89.159
7.762
41.544
48.793
48.793
54.462
11.379
58.183
64.367
26.548
55.817
60.697
52.127
57.352
37.030
37.104
67.305
72.567
42.424
41.594
48.803
54.589
35.632
58.658
58.014
64.201
64.331
36.230
59.139
58.505
43.981
36.973
37.104
74.832
47.056
34.013
47.346
47.299
35.707
35.780
34.488
64.226
64.311
44.683
44.727
36.203
59.129
59.450
74.654
88.138
49.016
35.659
35.778
34.488
85.453
44.599
44.727
54.517
25.146
74.511
74.695
88.071
88.100
79.021
49.016
34.488
85.548
85.524
85.445
44.599
54.710
53.764
87.987
88.134
88.124
46.241
43.563
15.394
80.979
64.600
88.044
41.176
43.544
43.672
37.182
4.347
65.051
25.182
41.423
35.395
86.733
86.825
41.528
42.011
69.448
86.731
86.827
86.679
42.036
69.281
69.491
42.070
69.251
69.404
52.890
52.886
52.940
52.886
56.607
63.548
55.880
55.890
2.314
6.189
63.831
63.654
63.622
83.180
83.278
59.244
70.318
83.237
49.918
49.918
44.010
13.348
59.210
69.046
29.236
25.182
58.329
58.395
50.635
29.178
58.183
83.157
63.784
59.037
58.906
58.909
39.993
27.600
83.147
38.317
50.371
38.066
38.042
38.345
49.501
52.260
52.260
62.471
60.365
60.365
56.888
52.260
49.512
52.260
64.320
38.355
85.474
61.376
32.672
40.873
53.575
37.246
37.246
40.808
51.566
51.581
85.497
85.462
85.450
66.408
51.574
51.580
84.600
67.564
53.006
52.790
38.108
38.128
60.264
52.927
73.149
59.542
49.350
20.985
44.677
57.947
5.536
60.283
33.956
58.378
58.385
44.756
85.057
85.045
31.955
58.004
34.290
34.290
34.464
34.464
59.025
40.770
48.094
68.428
80.475
74.644
58.369
7.738
31.566
84.985
50.728
50.889
64.274
57.427
57.528
51.811
51.815
33.887
33.887
49.220
64.699
64.797
72.561
72.535
72.699
57.544
84.107
51.743
51.696
37.888
37.888
64.706
40.668
40.707
25.837
53.494
53.494
53.494
53.494
41.511
85.291
83.692
40.866
82.262
37.956
67.405
64.089
53.654
53.478
53.478
79.724
82.237
61.338
49.299
49.285
67.462
69.387
35.526
56.965
20.658
20.658
17.385
65.825
65.728
79.754
79.787
79.844
40.136
61.144
60.357
56.956
65.636
65.531
38.545
56.686
35.666
37.560
37.560
37.560
49.287
49.241
7.582
43.265
57.811
71.253
36.203
36.203
36.203
65.781
65.820
65.786
79.829
79.854
58.426
58.459
65.603
65.624
56.686
30.267
30.267
35.707
40.886
40.879
34.246
34.246
49.271
3.895
3.895
3.895
57.626
36.218
36.221
33.921
28.673
37.364
58.426
58.426
58.459
58.459
55.170
59.786
59.720
59.713
59.713
66.034
66.042
64.581
30.267
30.267
51.610
47.912
48.070
48.065
37.364
59.170
59.232
59.143
59.143
64.861
64.904
11.046
45.781
59.762
24.381
65.797
10.403
13.236
13.236
65.108
65.177
53.007
53.289
40.700
20.919
20.919
20.919
81.753
46.501
46.501
2.289
6.794
10.868
7.434
59.170
64.750
58.201
55.124
55.124
87.715
87.715
87.715
59.759
40.800
40.890
64.991
53.053
53.061
44.283
43.791
30.785
81.769
81.911
77.495
4.099
46.492
46.505
74.041
74.041
70.046
72.366
58.179
12.356
72.535
83.083
33.823
33.823
33.823
51.432
51.435
51.451
48.281
48.243
87.715
35.763
35.763
35.763
37.174
65.978
54.177
59.087
52.525
36.727
36.727
36.727
77.496
77.531
80.939
89.381
83.471
83.318
58.396
83.099
83.050
83.078
69.876
69.876
51.460
51.460
51.437
51.437
48.180
37.177
37.177
36.911
36.911
60.733
70.147
52.558
24.903
24.920
24.923
41.467
41.587
83.099
69.870
36.727
36.709
36.709
82.411
74.991
87.166
57.852
60.713
60.682
60.705
46.647
46.647
41.855
41.814
40.498
51.605
51.605
37.782
37.782
37.779
37.779
41.497
47.806
41.565
40.306
40.306
70.538
50.331
50.333
44.626
44.650
63.673
41.727
51.584
26.658
26.658
26.658
77.079
34.082
33.999
68.651
73.075
39.824
39.785
5.447
5.381
5.388
56.856
62.742
44.003
43.805
65.287
65.424
43.864
43.864
43.801
43.801
69.604
69.525
64.250
50.312
50.158
49.196
35.640
35.940
35.940
32.249
32.249
32.249
46.014
67.580
36.742
48.225
38.968
42.951
58.078
73.025
41.489
29.906
45.229
63.072
56.970
56.959
62.742
43.837
43.837
60.910
65.303
65.297
65.347
33.570
33.676
43.525
43.525
43.528
55.586
69.647
30.130
34.732
36.812
78.388
44.280
85.182
25.645
50.168
61.090
88.384
69.474
89.883
89.827
89.802
41.655
36.617
33.976
33.990
40.041
39.997
62.325
70.169
70.169
77.391
52.541
52.541
41.736
45.248
67.108
66.088
66.096
89.908
89.873
89.848
51.512
54.188
80.458
61.654
58.470
58.418
39.669
39.673
39.975
22.579
22.579
79.659
46.511
52.194
36.922
79.382
38.530
38.479
40.323
75.442
63.458
46.273
46.273
46.276
53.029
82.195
80.500
80.469
58.459
58.517
67.694
67.622
42.155
43.771
44.540
30.937
6.454
38.501
62.295
39.298
53.488
57.923
69.479
38.450
38.444
52.477
52.785
66.073
61.967
74.928
74.937
44.394
63.640
63.640
85.089
52.184
52.085
52.138
75.842
75.880
66.524
66.524
66.524
64.060
52.261
27.640
70.835
70.868
31.346
87.186
63.011
60.836
34.377
74.872
74.831
88.645
47.178
63.623
62.192
43.236
39.934
84.240
51.781
79.756
24.682
24.682
75.834
75.819
75.864
39.999
51.047
51.125
50.968
70.860
88.834
88.836
81.791
41.055
41.015
40.964
63.202
55.793
21.030
59.978
82.327
35.576
35.650
24.188
88.360
80.336
81.746
68.750
64.225
64.278
64.149
28.184
51.033
39.227
39.112
31.911
31.755
88.868
88.850
41.221
41.023
41.016
63.531
63.531
68.359
39.699
39.699
39.730
80.186
80.178
80.203
24.527
24.527
64.257
64.298
64.157
41.957
83.659
83.659
42.060
51.805
66.240
54.029
49.649
49.649
19.212
19.244
19.386
19.386
41.632
41.642
40.751
40.751
72.898
72.757
31.513
33.042
58.556
58.556
58.487
60.120
59.154
63.178
37.362
55.765
47.541
57.154
57.161
74.034
74.034
51.843
51.817
19.195
19.820
34.408
34.463
34.463
23.773
72.832
72.728
58.509
58.488
30.611
71.363
63.278
63.339
45.021
19.273
19.273
37.473
68.030
68.065
45.042
41.776
51.315
58.202
54.050
40.978
40.978
34.004
71.004
27.135
27.135
45.001
45.001
14.986
66.576
40.660
40.743
40.743
4.971
22.623
22.623
21.021
27.743
76.588
48.095
58.386
58.429
73.078
73.078
73.174
67.120
63.733
78.908
74.116
35.466
69.519
69.509
51.274
51.931
73.384
43.177
71.090
71.017
65.473
38.831
80.996
81.306
81.113
40.720
37.302
54.130
24.671
24.704
26.304
26.304
76.635
76.619
51.095
51.185
39.430
39.437
58.442
42.480
46.859
48.203
48.203
39.590
70.511
12.335
84.786
69.547
69.968
69.746
53.706
71.012
43.203
58.676
58.687
58.746
80.973
80.623
80.969
31.940
31.940
31.836
37.271
72.291
72.291
79.355
84.160
52.353
52.360
51.139
59.549
59.549
59.549
25.361
25.361
31.275
39.626
84.249
69.606
53.305
28.423
42.217
42.217
42.296
85.836
85.838
77.473
78.758
58.625
58.676
58.134
82.405
71.435
71.463
41.258
41.062
66.285
66.285
48.086
89.736
79.575
44.300
5.738
1.345
49.518
49.515
25.081
14.191
34.643
8.797
80.882
80.882
80.882
12.932
41.671
41.137
20.697
20.697
34.708
71.424
75.487
87.126
87.126
66.285
34.909
79.614
79.554
79.583
83.897
39.542
39.473
51.607
61.297
51.392
56.879
3.972
80.882
80.882
50.384
50.384
62.631
42.928
62.279
62.316
56.028
49.803
34.392
48.518
48.518
48.518
36.081
36.081
34.721
34.721
32.214
42.624
60.605
76.570
65.086
65.086
74.105
74.115
43.956
79.562
45.057
45.073
85.271
85.271
53.021
40.676
37.084
6.685
53.942
53.914
62.195
62.296
2.591
46.080
62.646
62.651
44.307
44.362
44.324
56.615
42.156
42.179
78.279
78.289
78.259
23.060
68.540
36.639
34.416
82.241
29.552
43.097
61.761
60.449
79.120
85.431
88.825
43.299
55.580
48.322
44.032
44.032
6.416
53.893
53.912
62.454
75.916
73.547
23.113
78.269
78.321
78.284
75.319
68.552
36.668
36.616
47.141
65.104
56.506
62.049
40.406
69.190
55.667
43.045
39.280
56.933
56.949
37.426
44.659
44.673
44.673
44.658
70.270
21.350
21.350
54.942
71.686
35.994
54.683
83.231
65.145
75.559
61.992
48.403
55.402
83.397
83.355
83.375
86.210
46.664
71.160
44.641
44.707
44.751
44.751
29.069
9.136
75.084
65.604
86.217
50.997
18.383
89.249
41.752
22.034
22.034
74.697
83.252
39.933
44.070
33.729
72.010
55.576
55.627
57.218
83.396
86.294
86.259
88.792
26.725
24.680
29.983
64.009
78.007
78.149
23.976
18.636
85.665
50.997
85.334
41.432
41.732
41.717
67.522
40.260
40.323
39.780
39.833
41.575
30.234
52.849
57.978
58.682
59.549
50.741
50.814
49.128
67.743
51.161
34.171
41.267
58.214
63.587
57.142
57.056
77.994
78.042
22.681
44.373
48.046
35.079
35.079
72.750
72.750
72.750
51.284
23.015
83.308
39.906
39.937
41.278
41.489
36.403
42.700
42.690
57.744
61.291
58.065
43.121
59.389
59.463
36.314
61.240
69.206
69.739
51.293
51.250
71.713
51.328
51.352
51.386
58.269
67.053
82.228
57.120
57.110
57.074
73.466
60.103
60.048
66.035
29.268
35.079
43.932
51.663
29.941
29.941
75.247
57.811
57.818
33.192
69.661
69.723
72.435
72.435
51.470
51.422
59.786
59.801
23.954
64.617
41.665
39.680
51.576
50.102
42.960
57.608
58.094
30.350
30.951
19.034
19.034
44.104
42.432
39.605
39.871
37.315
37.339
59.824
59.874
59.785
73.378
70.726
79.172
35.525
58.365
61.316
61.307
20.814
77.045
54.328
54.328
52.191
48.074
26.116
55.817
24.834
55.960
55.959
55.959
81.409
77.260
75.438
75.464
36.183
38.708
47.083
37.347
37.348
60.786
77.578
51.946
36.666
61.316
88.908
88.908
52.322
65.709
77.027
40.392
40.392
36.908
60.763
60.715
55.986
55.986
55.985
81.393
81.367
81.394
30.798
30.716
77.260
75.469
75.489
40.472
85.704
85.727
50.391
50.241
56.646
69.559
69.625
9.789
2.707
5.658
8.310
76.886
52.704
52.678
52.853
85.088
25.406
12.748
12.748
39.610
76.141
87.535
87.535
18.162
38.346
42.049
45.998
40.428
84.854
37.060
63.191
63.473
31.426
52.633
52.633
81.389
28.019
89.360
89.360
89.360
85.704
85.727
5.863
0.202
4.645
69.532
53.649
73.394
78.088
37.552
37.557
37.534
52.906
81.259
40.846
40.846
40.752
75.253
80.275
88.859
48.068
57.976
34.391
44.816
44.832
76.008
76.008
4.345
52.223
52.101
52.112
68.275
63.530
63.344
40.860
42.766
45.503
45.996
50.996
81.192
4.005
12.167
49.694
52.268
84.385
48.647
36.405
36.405
36.405
79.089
79.098
71.526
52.230
68.282
38.075
45.036
45.036
45.392
45.563
56.085
56.085
56.164
63.973
63.973
63.973
44.936
44.936
44.936
45.257
68.197
80.622
88.373
4.968
37.263
70.072
69.962
46.039
45.222
44.001
82.669
48.535
48.535
60.445
60.445
60.803
62.454
56.113
56.122
56.160
41.722
37.085
37.085
63.880
43.241
43.244
46.782
72.340
72.293
72.344
43.138
43.095
80.659
80.507
20.626
20.626
55.216
47.418
25.648
62.484
71.399
43.322
43.287
8.234
34.966
34.966
34.966
43.138
52.034
52.034
52.034
75.042
57.326
52.787
52.781
47.360
47.360
61.772
61.772
34.344
33.548
62.187
44.662
71.309
71.346
41.268
79.009
60.186
35.452
53.052
50.870
36.756
36.811
53.371
73.154
73.156
73.152
41.998
41.998
52.783
52.824
43.671
43.671
67.089
69.692
34.221
34.221
34.306
41.563
21.101
67.063
67.063
67.063
33.405
33.415
54.229
56.581
34.457
34.492
39.977
72.416
41.268
80.030
53.182
53.027
53.126
53.080
42.876
20.043
20.134
43.671
41.637
75.339
75.270
61.686
61.686
24.794
24.794
74.532
62.275
62.242
14.563
61.627
56.496
86.008
86.008
60.802
60.826
60.725
87.861
53.148
53.130
43.856
43.856
43.856
52.580
52.629
76.227
38.987
28.571
16.933
16.933
22.115
52.617
57.159
53.653
62.244
24.611
18.847
50.252
79.966
77.986
77.994
40.613
40.653
40.653
57.073
87.930
88.014
27.045
20.864
20.864
42.843
42.843
72.157
36.772
36.741
20.734
39.169
44.019
9.215
60.816
60.914
33.696
33.898
36.252
33.928
62.182
79.799
43.043
38.680
41.596
73.906
57.843
55.764
55.761
55.761
39.737
28.345
13.109
78.013
77.994
54.939
58.768
58.756
40.699
40.699
57.073
33.313
30.347
49.827
49.827
42.843
42.843
59.373
36.829
66.578
55.456
52.734
34.154
33.963
44.019
38.985
38.985
38.985
77.413
45.539
74.529
3.219
4.978
34.378
87.557
79.799
69.983
69.893
63.165
57.843
57.843
57.843
85.351
85.359
6.288
8.686
55.844
55.791
58.868
58.885
58.962
61.235
65.155
59.561
60.576
69.836
58.879
58.872
86.819
86.695
47.255
37.407
52.559
52.609
55.974
55.347
51.275
8.704
8.704
77.348
57.576
57.686
82.241
87.629
42.746
42.746
58.970
85.391
85.391
33.632
59.020
60.224
61.229
61.229
56.801
55.867
58.862
36.855
27.010
55.589
73.936
73.936
73.999
86.808
86.675
86.710
89.141
88.985
52.629
52.583
36.483
55.768
51.356
65.727
28.585
28.585
26.514
20.471
20.471
48.858
19.303
87.492
77.491
75.730
75.732
87.715
26.941
60.323
60.039
60.176
37.847
49.422
59.710
64.025
56.731
4.901
55.633
55.613
55.615
73.990
74.012
74.024
53.876
54.408
43.278
81.329
11.005
28.781
34.741
54.181
54.181
10.117
55.747
55.738
45.780
82.533
35.077
49.995
55.183
26.835
35.607
35.725
59.425
59.326
77.634
88.476
80.750
80.733
17.564
17.564
17.564
52.539
51.870
52.547
37.973
28.427
28.427
44.923
37.860
37.834
37.463
37.463
48.559
67.357
74.012
39.962
59.269
85.706
36.694
36.694
25.373
25.373
25.373
36.477
30.944
48.199
17.175
53.356
53.356
53.356
81.896
55.235
52.435
41.327
41.342
41.342
31.237
35.718
57.838
59.167
59.205
34.138
50.941
43.736
49.817
80.761
45.728
22.285
24.638
24.638
37.990
37.937
62.272
62.269
64.705
51.721
8.504
57.313
57.359
57.359
75.203
74.977
26.476
26.664
26.664
85.685
85.714
36.694
36.694
73.636
82.949
82.987
40.104
40.198
38.570
38.565
35.296
41.833
42.012
42.012
44.444
64.541
63.920
63.976
87.621
87.626
41.327
41.327
68.895
55.383
41.405
41.463
62.240
62.262
73.185
72.767
72.767
42.155
86.075
86.075
71.063
71.041
52.101
52.087
39.046
39.103
51.276
73.636
71.655
71.655
30.587
38.548
80.010
44.556
44.775
63.967
87.595
40.481
48.895
48.451
21.798
49.205
49.475
54.586
71.239
16.875
16.875
16.875
42.155
42.155
42.155
71.016
72.073
25.310
25.310
52.355
52.163
31.553
71.195
62.615
39.135
33.139
39.385
71.655
80.014
80.074
67.719
79.951
38.530
49.264
55.558
30.961
30.973
30.959
51.165
48.783
62.515
83.687
83.677
42.225
42.352
44.968
44.968
49.837
49.837
46.214
46.214
85.308
85.333
73.794
72.827
60.937
60.891
21.463
21.463
21.463
42.363
58.963
30.651
6.901
88.686
78.102
46.306
85.665
55.472
50.460
60.068
69.003
78.164
78.164
50.867
60.965
88.838
88.806
60.758
39.217
39.217
77.821
20.347
20.347
70.708
70.708
79.535
60.941
60.923
44.317
18.987
71.355
38.106
38.106
88.719
84.062
85.563
85.477
79.479
79.479
67.174
88.803
88.825
51.279
51.218
77.821
77.821
77.821
46.931
40.567
68.304
49.782
49.682
49.784
49.777
38.996
38.362
35.211
66.133
72.184
85.128
69.744
55.833
55.833
71.381
38.214
58.558
58.776
32.568
32.650
29.007
23.703
23.703
10.952
35.404
48.857
49.999
59.134
72.786
73.535
51.213
51.218
51.992
51.992
51.992
76.412
22.007
57.533
52.180
42.585
42.633
42.646
48.872
48.872
62.198
62.198
62.198
32.740
59.419
72.184
39.590
43.106
42.961
87.935
85.136
82.165
51.528
66.656
66.646
85.401
47.783
47.128
68.405
67.870
69.275
67.706
87.915
87.149
87.149
51.362
42.054
42.054
32.119
30.121
76.487
56.962
44.995
44.612
62.240
62.240
62.640
33.387
59.421
39.726
87.935
85.263
87.935
50.903
63.919
74.382
7.023
31.992
31.992
31.992
56.863
75.983
62.199
62.239
66.443
51.510
46.111
49.986
54.851
54.851
54.497
85.767
89.692
44.985
67.446
67.446
61.922
61.832
51.978
52.039
53.201
43.152
25.475
28.880
28.916
74.162
74.242
37.803
72.477
67.933
67.881
58.976
62.171
62.113
11.900
11.900
65.190
73.941
81.613
3.812
50.586
50.017
63.807
9.493
8.781
89.853
89.854
89.720
68.272
27.092
67.446
65.865
52.084
52.050
60.209
30.875
75.086
75.086
43.115
43.149
67.977
36.793
43.068
43.217
43.172
87.886
87.886
87.886
40.947
43.904
30.816
81.637
81.553
81.523
33.190
35.744
34.538
68.223
68.223
57.447
41.724
58.095
56.632
31.303
34.510
87.748
86.568
44.459
75.086
75.086
83.118
35.858
41.462
41.511
77.489
73.650
87.886
87.886
20.686
60.832
60.935
34.633
34.633
34.633
59.329
54.506
54.591
67.583
41.322
75.706
75.668
22.536
51.086
87.809
85.424
89.976
62.785
56.101
14.754
47.481
47.481
42.774
32.553
83.190
3.213
60.256
35.858
34.609
39.278
15.142
88.068
69.114
42.607
42.523
42.566
82.075
51.135
84.649
84.721
60.683
73.752
81.282
20.300
20.300
20.300
50.543
53.009
59.469
84.790
83.750
60.177
60.423
67.583
24.066
87.830
85.420
41.762
47.481
47.481
57.233
42.395
42.394
42.431
34.705
34.710
57.987
29.419
29.326
88.022
69.141
61.198
61.154
51.229
81.970
50.334
50.359
81.329
81.306
43.456
26.303
70.432
83.826
83.750
60.518
30.439
41.184
41.118
54.816
54.891
79.694
51.738
48.169
38.991
56.492
79.308
24.970
41.516
39.296
50.590
57.987
57.939
63.434
61.984
61.972
27.369
87.720
42.920
48.379
50.318
50.379
50.379
49.146
49.162
49.055
43.456
43.456
43.456
49.152
69.725
47.380
47.346
89.202
89.222
83.647
37.182
37.182
37.096
38.888
37.020
36.811
36.811
54.517
79.701
37.217
37.056
40.507
40.327
75.336
75.336
66.195
67.246
76.263
76.904
53.620
53.662
42.654
50.122
38.030
67.778
29.404
60.386
68.800
47.363
47.363
50.207
44.639
44.639
37.238
49.146
82.352
37.585
67.729
72.429
72.224
89.296
89.323
45.349
42.881
42.899
36.809
37.020
4.347
32.793
56.855
28.572
53.913
53.521
51.788
52.754
49.435
34.776
48.552
48.552
67.729
26.886
56.451
40.752
68.759
58.593
68.767
76.938
82.352
28.371
28.371
73.803
68.091
60.888
60.888
60.869
60.869
72.268
54.776
86.811
89.460
42.689
78.087
67.236
80.979
31.647
62.587
44.913
44.913
1.566
1.566
65.532
40.517
40.517
40.517
40.517
34.016
30.589
50.419
48.552
8.950
34.648
80.978
80.848
73.916
46.661
46.703
67.692
76.963
76.922
34.850
33.549
60.867
60.849
80.393
73.065
64.600
39.092
41.423
41.528
41.512
36.114
36.114
45.281
45.281
67.829
54.845
34.268
69.700
70.195
84.452
84.452
46.010
46.010
46.049
49.964
49.964
84.690
65.104
65.180
80.887
18.094
18.094
18.094
46.698
76.936
60.111
37.946
48.601
89.202
18.235
18.235
41.948
41.947
57.325
36.114
58.352
58.322
45.286
61.545
33.809
42.093
42.428
46.077
54.415
46.024
42.148
84.671
64.854
65.144
65.097
70.398
60.098
60.099
70.924
73.930
73.930
89.060
89.060
89.130
81.074
58.967
49.913
49.913
49.913
34.013
52.626
45.153
45.235
41.137
44.058
50.206
50.108
50.108
45.504
45.504
45.504
23.206
40.778
88.267
37.941
33.724
47.968
55.894
18.540
55.816
16.136
53.601
84.006
50.498
50.557
50.557
6.006
34.712
34.528
50.023
63.666
57.268
49.749
49.721
52.516
52.516
42.036
41.176
45.277
65.099
65.121
62.631
40.778
40.778
88.222
34.937
41.935
51.550
41.504
33.708
33.822
33.806
47.131
35.497
35.497
35.497
59.342
77.656
63.651
63.583
40.464
42.682
43.401
33.817
33.722
47.450
41.621
52.517
85.358
85.441
85.380
36.582
36.671
52.855
42.070
47.509
65.058
48.775
48.793
61.845
31.868
31.835
80.057
21.381
40.599
40.597
48.648
46.772
33.705
33.746
62.631
51.970
39.132
39.132
17.340
52.438
83.956
66.335
66.144
64.564
17.062
44.498
48.328
52.718
52.718
87.302
79.384
79.374
79.421
42.647
42.641
57.688
57.390
52.191
69.609
80.842
60.907
82.739
87.278
31.286
52.489
80.318
69.232
40.689
35.398
35.398
34.807
34.807
12.907
38.776
38.776
37.517
72.506
72.566
49.743
40.557
48.576
48.395
82.731
82.707
60.466
79.434
79.432
27.701
27.701
27.701
39.267
39.231
44.772
4.291
5.740
5.740
72.364
79.449
57.720
7.202
61.149
47.022
85.746
89.376
18.945
52.382
43.641
55.091
55.246
44.591
85.346
62.935
63.323
62.918
38.776
56.013
56.000
62.071
75.333
57.948
82.696
79.448
79.675
79.482
37.726
37.726
61.269
64.046
58.581
32.136
55.049
53.890
86.332
86.332
86.332
9.435
89.347
89.353
24.727
24.727
41.774
41.734
87.885
55.265
55.263
86.282
55.787
55.720
55.877
50.061
67.182
62.935
54.546
42.132
50.572
22.139
49.046
31.059
30.449
79.479
79.465
75.565
48.714
48.716
48.716
39.048
39.037
86.784
86.784
61.256
50.255
50.272
34.571
34.570
34.570
58.581
58.581
26.367
55.080
32.136
54.940
55.009
86.332
30.223
36.405
35.518
81.920
82.007
41.735
41.807
40.421
27.263
27.263
87.933
46.241
52.940
55.779
55.779
57.417
23.606
23.598
77.393
44.910
44.910
44.910
89.287
86.786
10.076
11.536
11.354
75.647
75.622
22.139
31.150
39.081
39.081
39.039
50.230
50.227
50.188
44.780
53.457
53.422
53.367
28.084
34.342
34.342
34.236
9.305
9.305
44.890
44.890
44.734
44.873
81.915
82.066
82.019
62.764
88.248
43.417
39.074
39.067
68.739
65.212
73.942
69.720
79.959
79.927
80.867
52.886
81.238
75.844
75.844
4.234
53.015
45.244
79.941
79.941
72.088
72.104
83.122
38.087
37.923
51.947
53.473
9.308
9.308
50.008
47.823
28.089
28.089
28.089
44.888
79.648
79.648
79.648
81.925
43.417
37.137
71.062
8.963
80.991
72.638
33.496
80.006
79.926
75.888
75.888
66.886
86.733
61.240
61.240
41.200
40.372
55.178
84.291
84.291
72.107
72.057
78.679
59.942
71.365
71.365
71.365
53.527
81.503
83.187
13.109
70.137
70.137
12.351
12.351
27.850
70.861
51.922
51.922
44.524
48.039
32.397
66.624
66.678
64.267
59.728
29.128
43.555
86.704
48.112
48.128
41.952
41.332
41.332
41.332
88.069
74.376
82.106
63.996
78.670
59.931
49.036
80.605
55.640
55.135
55.135
61.654
61.654
19.740
43.440
35.627
54.290
59.406
59.400
37.907
44.606
50.779
66.604
3.550
59.840
59.802
56.292
34.621
34.621
35.137
41.732
41.732
89.885
89.885
48.065
48.141
80.516
24.380
24.380
62.120
62.301
47.083
80.035
80.035
80.035
82.093
78.291
49.012
56.848
83.540
75.985
41.055
41.109
7.493
60.256
48.678
49.131
73.109
71.651
78.633
87.160
71.668
71.690
71.695
51.003
19.338
61.647
58.464
43.603
43.603
43.603
89.969
89.969
89.937
62.353
42.884
85.797
85.797
62.137
37.424
55.532
63.038
62.536
46.711
46.711
46.711
80.035
82.185
6.605
6.605
48.337
51.048
51.048
55.321
56.109
50.281
40.204
40.405
46.959
46.988
47.018
50.066
30.254
37.903
73.099
73.161
29.190
87.156
71.648
70.960
71.874
45.559
45.612
47.872
37.947
17.701
89.778
89.003
41.543
41.609
70.232
70.311
70.249
60.911
60.911
60.921
83.208
34.134
34.134
34.124
62.374
58.704
58.704
28.260
28.260
37.233
37.734
37.267
51.084
51.090
51.172
39.290
39.248
36.810
45.746
40.502
40.406
46.923
46.927
50.066
8.868
8.868
8.868
81.346
81.359
81.217
88.039
88.039
88.039
38.182
45.587
45.587
45.617
32.118
60.134
67.399
67.098
67.294
45.378
70.261
70.187
87.102
11.930
49.016
49.016
49.016
83.163
83.220
83.146
60.289
62.749
37.229
30.172
45.026
49.065
49.065
86.917
86.961
86.897
36.810
36.810
37.145
37.145
43.039
81.321
81.321
67.525
67.525
70.289
70.359
70.190
26.825
38.038
79.430
9.866
9.866
50.441
50.442
82.082
83.313
83.155
60.283
80.439
67.819
85.608
85.632
80.216
46.562
42.830
56.074
56.074
65.677
86.889
86.900
78.499
53.463
51.617
47.679
81.306
61.192
53.447
43.157
36.085
60.402
52.908
30.893
30.912
67.912
80.720
83.766
72.031
79.375
74.418
52.035
52.237
52.237
51.535
40.280
20.295
8.523
38.357
38.762
74.753
53.302
70.561
70.491
40.582
85.632
81.964
74.967
53.056
53.059
53.089
46.141
52.955
52.955
53.310
53.310
49.047
49.043
41.495
41.495
41.423
57.195
62.904
54.083
43.576
81.581
19.816
64.984
56.558
51.298
30.842
30.842
30.913
82.598
46.244
50.644
46.492
68.909
40.280
35.659
54.548
79.804
89.772
76.866
48.671
50.415
73.509
85.160
70.531
70.431
70.511
22.082
31.536
31.570
41.776
41.796
73.055
61.106
19.073
89.371
26.487
50.424
53.040
53.040
78.609
78.454
49.083
49.567
41.423
35.893
35.893
61.790
56.161
56.523
56.766
54.834
75.520
20.710
19.123
24.328
72.810
79.183
83.789
35.778
79.876
62.505
41.475
82.847
43.969
43.967
89.345
78.738
84.533
84.533
40.524
73.055
32.898
32.873
61.106
61.103
61.071
35.367
35.410
78.642
78.685
78.526
80.562
41.380
41.380
64.745
80.449
64.387
61.790
61.790
61.970
86.003
85.932
56.792
37.221
6.395
30.277
75.520
46.488
79.249
79.232
84.963
84.956
83.842
83.842
66.595
73.201
72.828
62.405
62.524
84.620
83.168
41.470
44.002
61.142
78.685
73.342
83.323
83.035
66.739
85.944
85.893
22.701
75.803
75.704
75.897
41.773
41.785
85.588
64.276
64.276
53.640
84.915
86.947
86.947
76.343
66.562
66.619
43.865
40.491
43.835
52.829
60.693
56.875
61.670
84.485
39.400
25.916
38.821
38.821
62.910
43.259
35.563
58.570
57.220
88.686
88.675
88.618
83.248
83.248
47.539
83.038
83.031
83.035
23.994
23.994
23.994
7.228
69.762
69.767
75.819
75.881
75.982
49.334
49.538
2.659
64.848
65.704
30.251
62.084
40.328
33.920
40.718
40.718
59.706
40.712
81.985
89.132
88.817
68.765
52.040
52.040
52.040
72.488
74.547
37.760
47.608
88.603
88.562
88.584
84.412
71.921
71.921
75.814
69.769
34.054
25.793
84.192
71.959
71.960
43.074
47.158
87.048
87.048
19.965
16.659
40.714
40.712
52.385
52.347
35.810
8.644
59.656
55.737
49.747
37.218
37.308
74.900
80.284
76.274
68.120
66.729
41.712
41.712
41.683
72.482
72.526
72.526
74.478
18.061
7.869
4.875
42.796
88.527
88.586
62.323
51.884
51.405
87.162
87.111
42.057
11.080
77.253
59.503
71.960
83.940
43.074
87.048
86.555
37.513
49.289
47.682
34.292
55.478
84.647
89.204
89.204
31.829
60.611
76.274
43.688
57.554
72.495
72.495
37.310
57.112
57.145
45.129
51.884
83.122
42.056
37.404
79.073
79.094
79.007
77.279
64.923
59.503
59.503
72.347
58.560
61.520
61.520
48.741
77.421
57.363
84.641
43.331
31.829
45.675
51.348
89.091
78.999
76.789
78.181
78.181
78.181
40.754
41.537
43.896
82.415
63.991
54.296
54.304
54.304
48.737
81.648
89.880
79.106
79.052
64.923
4.659
61.479
11.944
22.823
37.858
48.581
48.593
88.445
39.659
71.336
59.571
33.406
66.864
61.053
61.084
66.864
48.248
40.347
44.420
44.420
40.749
40.724
40.318
75.325
89.890
48.784
76.895
76.988
73.274
83.923
60.149
47.864
87.879
48.615
48.878
67.286
36.563
29.903
41.408
71.135
59.571
45.637
59.833
59.833
74.404
66.864
26.871
73.578
73.578
40.347
40.347
36.965
32.590
88.395
40.745
41.956
42.014
38.396
75.494
60.096
60.366
75.930
6.801
76.940
76.923
81.607
37.735
8.206
59.427
61.251
75.108
46.713
76.225
76.225
31.817
49.542
48.843
44.404
44.386
67.289
66.732
85.338
83.949
83.982
23.062
18.105
45.772
60.693
80.979
80.898
80.897
28.632
48.193
16.536
16.536
16.467
73.604
73.604
39.847
39.868
45.743
25.704
32.788
48.533
41.035
73.530
64.998
56.539
69.531
58.136
28.101
28.101
28.101
58.748
58.704
76.225
76.225
76.225
13.013
13.013
14.323
52.780
11.269
83.913
83.968
58.054
65.558
39.552
62.224
40.132
48.202
80.935
80.901
28.632
13.842
13.842
50.609
43.485
76.947
73.613
72.686
69.158
62.131
65.219
88.180
88.108
32.606
32.606
45.402
9.792
13.712
44.882
74.385
58.304
41.096
55.994
77.890
64.043
57.339
40.913
51.242
83.499
16.113
58.601
89.421
40.534
40.534
40.242
52.515
49.906
51.666
49.529
62.747
62.761
31.729
88.392
65.555
65.555
62.218
73.847
85.010
32.824
32.824
61.823
16.489
42.594
73.088
58.437
79.434
73.784
41.094
57.250
77.941
77.971
49.619
49.711
28.161
28.153
49.940
38.090
23.214
30.082
24.267
77.438
44.749
24.015
8.348
70.712
80.617
46.401
49.929
59.301
82.884
77.902
76.843
76.843
62.734
62.739
79.751
87.373
61.840
46.932
46.911
37.604
20.185
22.072
42.738
42.756
41.788
86.522
32.824
47.391
39.035
38.720
38.609
79.296
53.671
40.938
41.572
65.940
49.629
41.412
84.658
84.658
41.705
46.960
77.840
80.886
71.440
42.219
42.210
46.403
75.211
82.884
88.443
16.252
18.164
87.509
85.896
87.078
61.763
5.767
6.944
68.577
37.281
36.603
36.603
36.603
53.593
82.510
87.025
86.894
42.751
42.771
78.617
37.810
37.828
37.828
39.035
44.469
41.662
74.431
28.062
28.035
84.586
84.563
37.141
37.141
46.935
50.758
71.421
32.769
32.769
32.769
54.391
54.349
71.501
48.068
54.763
75.187
75.216
88.517
88.469
83.383
42.816
87.036
16.871
16.871
35.920
35.920
68.577
9.468
84.110
65.299
40.045
40.045
66.286
89.635
89.775
27.676
61.852
61.791
50.078
50.081
63.023
6.263
74.301
68.377
37.581
82.756
82.756
8.034
37.141
51.618
6.691
14.598
14.598
54.689
54.689
54.391
58.254
71.542
73.539
51.356
88.532
88.508
52.534
46.378
49.197
68.805
36.068
36.068
31.202
36.159
65.492
31.637
18.672
40.499
49.254
47.183
27.678
61.852
50.018
81.345
84.718
79.066
82.469
35.102
35.102
31.608
82.747
68.828
77.706
55.378
72.788
9.400
9.400
9.400
88.330
87.446
82.958
17.592
16.795
39.237
86.161
85.417
85.417
63.841
63.841
73.923
73.976
40.818
61.098
62.182
40.540
41.432
45.102
39.221
39.221
62.689
57.901
50.652
47.183
27.678
27.678
27.678
84.349
74.606
14.314
14.314
26.343
82.078
56.255
56.293
72.949
72.913
72.950
86.222
45.093
45.093
88.318
88.303
41.100
41.003
59.286
59.277
40.281
73.867
73.911
73.944
61.098
78.757
78.757
67.984
67.956
42.243
62.397
17.634
66.759
28.059
44.738
37.122
41.497
41.497
40.165
77.732
77.732
83.396
64.763
40.998
40.926
83.511
83.511
56.224
64.379
70.623
72.943
86.257
45.093
45.093
77.834
36.721
85.494
11.762
59.287
54.955
73.959
52.114
46.322
6.292
13.148
67.949
67.985
67.985
75.487
81.955
32.589
27.865
70.237
70.237
38.280
36.992
35.692
26.524
31.307
31.307
13.447
26.457
87.274
84.729
84.052
84.052
87.877
34.552
34.552
68.079
76.454
76.147
76.404
34.069
34.069
34.021
17.089
17.089
54.955
54.955
52.114
69.829
68.391
87.152
46.590
28.552
28.552
7.897
87.717
45.034
44.028
86.220
88.945
31.308
31.308
19.858
26.935
40.681
29.538
83.724
86.907
86.907
62.209
16.081
74.241
80.472
80.472
67.590
76.459
76.460
63.480
18.183
18.183
59.494
59.494
53.572
59.136
64.264
37.724
37.758
37.758
62.806
47.591
50.086
40.703
40.683
63.516
24.482
72.676
87.733
87.702
31.174
53.022
62.175
62.194
14.752
14.752
77.654
77.912
77.671
80.499
65.440
83.782
80.457
80.479
67.958
60.919
60.888
19.284
19.284
34.950
65.927
81.230
54.494
54.532
58.349
41.103
41.146
50.092
27.930
69.639
72.095
19.791
87.726
82.709
60.647
60.647
60.647
40.304
62.210
62.582
62.200
59.566
42.104
77.665
77.615
65.170
80.499
31.658
31.820
33.408
40.056
45.539
60.919
60.902
59.675
88.508
88.508
34.944
34.889
30.659
30.659
54.532
54.533
50.638
41.125
64.500
72.661
46.769
46.785
50.033
59.280
70.235
38.144
39.130
47.576
71.819
65.679
86.510
37.489
37.546
54.590
54.619
54.619
88.595
88.556
22.206
36.039
36.039
29.638
75.574
79.001
47.803
47.803
43.776
43.801
78.938
67.175
63.454
35.702
36.885
41.371
86.128
62.168
58.579
59.326
59.271
62.571
6.615
67.175
62.715
74.664
74.664
47.702
47.704
71.954
49.475
49.451
57.581
25.455
81.639
33.595
43.027
28.138
33.787
88.584
88.623
34.216
34.264
45.911
45.911
82.353
82.708
47.825
48.431
47.986
44.438
78.938
78.938
40.287
40.312
40.312
88.999
62.299
62.206
59.359
59.333
59.304
27.887
67.153
49.318
74.664
74.664
73.661
48.602
48.182
45.626
45.577
57.039
57.581
52.018
38.337
39.877
85.239
85.247
43.271
43.271
52.680
63.467
65.578
65.512
65.570
64.996
73.587
73.813
71.505
89.977
44.416
13.432
1.741
62.513
49.329
51.160
33.287
33.287
45.617
45.617
70.409
66.884
66.815
25.124
24.928
24.928
88.486
76.107
50.617
44.250
11.893
12.966
11.621
24.770
63.555
63.505
10.309
10.309
10.548
65.570
53.401
70.252
85.109
85.074
73.782
82.556
84.742
84.742
76.453
25.825
25.825
77.380
82.169
88.779
85.323
40.385
40.385
73.150
17.186
41.556
71.876
74.711
38.665
38.665
44.826
50.614
50.613
80.670
53.665
77.280
47.118
63.555
63.539
70.224
10.776
85.076
76.435
76.323
25.475
25.492
55.593
43.820
86.518
88.231
82.620
35.799
85.349
17.081
42.544
36.014
33.244
56.214
67.799
61.977
77.382
41.044
41.239
88.936
88.938
38.747
56.636
56.517
21.722
28.465
87.149
80.442
41.102
68.025
43.822
36.686
86.518
82.627
80.630
73.722
73.837
36.014
23.451
66.204
66.259
79.150
84.000
77.669
77.074
43.702
58.570
36.467
88.959
32.978
41.603
41.603
82.647
82.627
73.811
73.618
78.439
75.582
34.589
77.104
35.118
75.820
15.134
24.638
42.553
43.786
44.131
44.131
54.044
54.044
70.969
86.452
51.279
80.801
22.877
22.877
22.877
46.966
46.999
40.300
65.970
65.254
48.138
48.138
42.433
37.768
80.918
80.931
80.916
28.249
28.249
69.534
86.474
86.514
73.779
29.505
29.505
41.224
45.924
45.912
74.788
74.402
65.199
48.138
48.138
25.436
25.383
72.859
80.920
80.913
80.916
82.949
60.325
60.123
61.276
85.402
57.547
39.369
76.141
61.973
45.944
74.744
50.680
30.066
30.079
78.139
55.625
55.625
72.803
72.858
42.614
24.857
24.857
10.808
80.815
65.129
86.273
57.803
63.686
85.132
49.847
43.766
86.836
81.145
74.772
50.680
30.075
30.095
30.095
78.139
78.139
48.611
33.105
55.195
55.095
66.130
66.074
62.855
81.348
34.723
26.119
77.540
77.921
77.957
53.725
86.851
34.084
34.064
45.788
45.788
33.141
33.141
55.210
55.281
66.019
66.048
60.652
72.626
53.551
53.470
48.041
53.821
56.568
56.568
45.789
45.789
45.788
8.695
41.496
41.397
41.490
76.027
72.603
72.632
70.633
66.543
66.543
66.739
66.739
29.671
56.550
56.533
78.306
78.306
89.617
89.553
48.049
13.355
27.939
28.013
67.584
78.622
66.739
35.063
35.063
35.063
78.339
47.818
47.847
47.110
58.904
77.442
74.589
47.125
47.125
47.116
49.924
49.954
18.000
59.209
59.209
42.466
60.784
60.538
42.489
42.413
