28.61
43.958
47.911
47.06
37.694
45.924
14.323
49.467
11.611
10.376
44.045
44.341
32.347
20.037
87.079
33.275
34.902
30.069
82.2
52.745
50.332
70.346
64.592
58.134
60.876
63.178
85.711
58.431
42.563
46.254
68.703
66.93
54.324
66.218
57.051
70.821
78.503
27.198
53.915
73.301
64.949
60.524
47.793
62.152
3.215
1.123
17.771
63.825
79.38
0.868
28.887
19.231
23.749
53.489
56.689
73.163
12.995
17.301
24.341
41.775
12.848
14.708
60.199
59.036
63.435
79.287
73.791
39.877
74.792
17.571
52.815
79.695
87.455
48.965
13.241
74.134
63.687
53.344
56.659
45.444
60.255
50.548
59.507
46.975
62.319
20.225
67.797
38.811
6.941
66.371
47.386
77.347
50.856
25.313
36.501
76.218
9.211
11.768
66.038
60.046
60.362
18.034
28.443
39.289
46.668
40.675
45
28.61
34.114
42.357
39.806
75.51
48.532
68.344
34.237
41.326
71.565
15.859
28.124
14.621
35.676
42.709
4.086
37.569
15.781
48.18
46.081
42.745
52.067
40.314
54.66
56.575
54.941
3.857
38.211
55.146
61.091
23.595
53.746
28.355
11.47
31.651
30.411
14.237
37.816
22.426
89.105
0.818
59.744
50.711
50.648
42.663
45.807
53.569
60.524
33.024
27.013
11.041
23.499
19.006
58.627
20.323
59.534
19.983
11.746
20.556
79.114
43.264
49.289
33.69
42.563
81.327
55.008
66.529
23.671
69.102
72.553
39.401
38.29
88.919
58.092
71.94
45.579
