84.92
2.353
43.069
54.462
19.573
33.977
25.133
63.8
19.592
28.106
14.657
47.675
79.089
31.079
15.945
60.173
11.31
35.972
62.676
26.222
83.558
12.216
12.665
40.03
33.198
15.195
84.036
21.541
56.889
14.845
38.66
50.477
20.323
20.556
12.339
29.002
37.794
26.323
30.964
51.34
58.173
12.771
42.221
36.416
47.161
2.603
34.992
10.222
20.487
13.885
24.656
25.504
50.87
3.814
16.639
9.26
38.246
14.982
51.882
16.699
65.433
48.077
45.63
65.158
45.474
58.782
47.49
51.546
35.838
13.062
51.882
49.538
51.71
54.782
55.814
52.365
35.727
62.56
84.401
50.648
65.966
33.111
10.474
39.401
50.648
14.783
20.556
42.466
53.379
48.652
27.269
7.907
39.472
57.339
53.344
41.112
56.31
61.032
54.638
55.069
48.013
54.62
6.582
15.408
13.891
26.259
55.763
48.27
50.812
47.06
36.529
12.407
19.25
52.431
44.563
53.661
37.942
34.875
39.806
56.129
52.539
24.444
32.381
43.315
25.278
26.565
13.548
61.763
26.565
48.013
41.055
51.532
53.379
17.745
41.009
32.217
19.204
36.158
46.922
45.754
58.707
43.452
30.964
88.698
37.763
5.583
27.198
22.051
45
