41.634
47.911
13.079
28.301
32.471
49.304
43.299
12.465
43.363
34.891
7.565
86.845
16.074
21.084
35.362
36.232
32.442
12.918
16.302
13.349
18.435
25.201
14.931
17.571
20.41
22.166
21.501
19.385
5.44
10.823
70.233
74.45
13.109
1.219
3.18
4.885
18.579
18.869
18.658
29.999
14.199
35.863
20.41
40.711
25.498
22.38
8.393
62.333
23.385
8.797
8.746
20.45
22.574
37.104
3.447
13.671
11.174
10.204
30.964
19.983
36.409
29.887
5.194
11.535
12.171
8.027
8.13
0.843
15.852
18.246
14.744
18.667
22.714
60.35
20.956
50.412
11.31
8.489
46.397
10.911
20.45
25.741
12.458
17.003
14.184
26.211
30.018
66.705
36.87
21.286
20.794
12.907
15.566
14.237
30.256
2.291
12.7
29.32
38.48
13.276
11.155
20.556
15.611
20.095
19.047
5.013
16.113
18.435
15.479
7.224
3.652
19.654
18.435
19.767
4.764
24.814
7.792
6.116
17.049
8.842
27.801
31.088
9.56
10.713
6.654
19.486
18.712
0
22.218
10.521
2.161
43.409
1.878
22.329
41.76
19.983
14.444
22.286
24.034
22.348
4.879
