39.668
45.939
35.218
0
32.661
35.655
56.768
78.503
57.724
63.435
49.538
41.348
62.071
44.105
54.834
43.568
59.5
66.4
44.029
69.353
53.13
51.71
48.521
50.44
43.958
4.205
9.162
61.032
28.61
41.634
34.509
53.13
12.529
50.064
54.583
39.806
54.819
59.036
33.69
48.257
82.405
27.474
46.577
53.746
31.891
32.25
33.207
73.034
33.341
40.711
54.567
67.036
17.592
36.733
66.251
40.533
39.536
72.553
37.451
52.549
72.031
41.082
43.847
42.879
51.911
42.064
53.973
41.855
43.152
41.424
41.082
39.699
55.954
30.256
70.346
63.869
67.218
6.116
2.526
37.875
9.583
26.565
26.565
70.56
54.118
74.624
77.735
51.605
55.67
54.462
47.936
66.297
53.326
68.875
37.349
40.696
30.801
61.607
57.995
70.096
47.49
50.356
50.194
54.058
32.645
2.564
35.395
35.803
70.346
66.038
66.571
31.264
52.765
67.011
55.098
29.659
34.321
59.931
60.461
55.222
55.981
31.535
30.964
70.615
48.447
37.875
41.424
82.405
52.549
58.707
73.78
50.08
45
21.105
35.059
61.966
52.907
49.635
41.186
36.254
71.365
60.604
