10.491
22.62
34.992
24.963
43.755
32.005
82.875
38.211
52.883
55.784
52.386
36.327
43.727
38.157
42.274
64.29
61.074
24.228
62.488
31.097
29.134
20.283
55.981
44.029
71.288
29.31
28.301
35.134
28.443
54.545
13.325
12.031
80.77
45.591
17.152
65.298
27.44
73.379
51.667
44.384
27.255
23.499
31.891
47.49
55.176
40.179
13.65
52.284
35.87
33.354
0.955
34.046
40.544
71.565
31.239
35.91
23.895
26.274
43.409
5.528
23.54
82.093
50.648
36.703
35.455
47.121
36.027
36.703
67.126
31.608
18.435
74.578
67.891
56.944
75.7
38.66
27.613
51.52
35.972
42.647
16.06
30.343
80.707
46.081
28.179
39.699
40.462
28.926
49.844
43.025
41.566
43.636
38.904
72.553
34.695
27.451
1.685
41.634
31.088
54.62
37.569
16.164
31.759
23.749
63.004
38.66
34.509
31.264
35.803
41.689
51.882
37.614
81.416
51.116
37.02
38.387
